54.725053 -35.559170 20.78 0.014 19.28 0.010 18.28 0.016 17.84 0.029 16.19 0.010 15.27 0.006 139.0
54.521031 -35.402635 20.87 0.013 19.37 0.015 18.59 0.006 18.28 0.005 16.74 0.014 16.03 0.012  43.6
54.899671 -35.473493 21.14 0.017 19.74 0.010 19.16 0.016 18.71 0.029 17.30 0.018 16.55 0.019  43.9
54.526217 -35.482959 21.29 0.019 19.86 0.016 19.14 0.006 18.74 0.006 17.21 0.018 16.53 0.019  37.5
54.526217 -35.482959 21.29 0.019 19.86 0.016 19.14 0.006 18.74 0.006 17.21 0.018 16.53 0.019  37.5
54.263420 -35.634596 21.46 0.024 19.96 0.039 19.19 0.035 18.80 0.016 17.22 0.018 16.47 0.017  35.0
54.543115 -35.401610 21.45 0.022 20.01 0.016 19.26 0.006 18.97 0.006 17.63 0.022 16.84 0.025  15.3
54.968865 -35.073333 21.23 0.022 20.02 0.030 19.45 0.088 19.17 0.040 17.71 0.110 17.13 0.032  38.0
54.598855 -35.230413 21.31 0.020 20.14 0.002 19.56 0.015 19.33 0.004 18.08 0.028 17.42 0.042  18.3
54.431452 -35.380941 21.40 0.022 20.20 0.006 19.60 0.023 19.31 0.006 18.10 0.030 17.32 0.039  25.5
54.674734 -35.553631 21.87 0.031 20.22 0.016 19.50 0.006 19.13 0.006 17.58 0.021 16.77 0.023  21.8
54.115401 -35.237195 21.95 0.035 20.23 0.028 19.33 0.036 19.03 0.020 17.26 0.018 16.36 0.016  31.8
54.835463 -35.320612 21.87 0.031 20.30 0.010 19.68 0.016 19.10 0.034 17.63 0.022 16.85 0.025  38.1
54.835463 -35.320612 21.87 0.031 20.30 0.010 19.68 0.016 19.10 0.034 17.63 0.022 16.85 0.025  38.1
54.620751 -35.382228 21.91 0.032 20.35 0.003 19.70 0.015 19.30 0.004 17.82 0.025 17.07 0.031  10.8
54.527072 -35.384341 21.63 0.026 20.38 0.003 19.80 0.015 19.43 0.005 18.10 0.028 17.46 0.044  23.8
54.092647 -35.609463 21.36 0.024 20.40 0.021 19.85 0.045 19.73 0.026 18.40 0.034 17.85 0.063  38.8
54.353505 -35.602685 21.60 0.025 20.44 0.020 19.79 0.014 19.47 0.016 18.08 0.031 17.45 0.044  35.1
54.544727 -35.429441 22.34 0.046 20.45 0.016 19.43 0.006 19.10 0.006 17.37 0.019 16.44 0.017  30.6
54.364827 -35.503483 21.67 0.027 20.47 0.020 19.82 0.017 19.49 0.006 18.22 0.032 17.46 0.044  19.5
54.578310 -35.530892 21.63 0.025 20.48 0.016 19.74 0.006 19.63 0.007 18.30 0.031 17.75 0.058  57.6
55.103749 -35.110315 21.73 0.030 20.52 0.034 20.11 0.102 19.66 0.037 18.35 0.123 17.83 0.063  38.5
54.618164 -35.427308 21.99 0.034 20.52 0.016 19.78 0.006 19.47 0.007 17.99 0.027 17.27 0.037  24.7
54.569415 -35.339606 21.81 0.030 20.55 0.003 19.85 0.015 19.60 0.005 18.34 0.032 17.68 0.054  32.0
54.569415 -35.339606 21.81 0.030 20.55 0.003 19.85 0.015 19.60 0.005 18.34 0.032 17.68 0.054  32.0
54.596835 -35.333472 22.17 0.041 20.58 0.003 19.93 0.015 19.54 0.005 17.97 0.027 17.26 0.037   ---
54.238543 -35.499156 22.37 0.048 20.59 0.037 19.82 0.024 19.37 0.018 17.80 0.024 16.92 0.027  23.5
54.606425 -35.628494 21.95 0.033 20.59 0.031 19.80 0.013 19.41 0.015 18.06 0.028 17.37 0.041  27.6
54.931330 -35.449814 21.75 0.028 20.60 0.045 20.09 0.007 19.76 0.027 18.53 0.037 18.02 0.074  45.6
54.653510 -35.469270 21.81 0.029 20.61 0.016 20.09 0.007 19.83 0.008 18.54 0.036 18.09 0.079  32.9
54.823645 -35.425023 22.36 0.047 20.64 0.010 19.90 0.016 19.41 0.029 17.87 0.025 16.99 0.029  23.6
54.894799 -35.895620 21.96 0.027 20.65 0.025 20.04 0.023 19.68 0.032 18.52 0.036 17.78 0.059  32.7
54.052844 -35.319838 21.20 0.020 20.66 0.020 20.36 0.033 20.27 0.024 19.20 0.055 18.98 0.180  15.2
54.743685 -35.441122 21.82 0.030 20.68 0.010 20.12 0.016 19.83 0.029 18.74 0.041 18.27 0.094  34.4
54.734115 -35.413574 21.89 0.031 20.70 0.010 20.03 0.016 19.71 0.029 18.61 0.038 17.80 0.061  35.4
54.568721 -35.438747 21.80 0.029 20.71 0.016 20.05 0.006 19.84 0.008 18.73 0.041 18.08 0.078  28.6
55.500482 -35.325640 20.45 0.014 20.71 0.014 20.47 0.014 20.23 0.025 19.40 0.064 17.87 0.119   5.6
54.198302 -35.493581 21.90 0.032 20.73 0.038 20.11 0.025 19.83 0.018 18.57 0.037 17.95 0.069   ---
55.399260 -35.916030 22.10 0.032 20.75 0.011 20.01 0.026 19.77 0.028 18.48 0.035 17.91 0.121  22.4
53.927120 -35.231020 20.91 0.017 20.76 0.020 20.50 0.033 20.33 0.024 19.12 0.053 17.92 0.100   9.9
54.640912 -35.432516 22.24 0.043 20.78 0.016 20.02 0.006 19.74 0.007 18.32 0.032 17.58 0.049  14.6
54.198815 -35.809365 22.18 0.043 20.78 0.048 20.16 0.063 19.89 0.027 18.46 0.035 17.77 0.059   1.6
54.573263 -35.550703 21.94 0.033 20.81 0.016 20.05 0.006 19.89 0.008 18.55 0.036 18.06 0.077  28.6
54.142940 -35.325717 21.80 0.031 20.83 0.028 20.14 0.037 19.86 0.021 18.56 0.037 17.87 0.064  30.2
54.627815 -35.462859 22.33 0.046 20.84 0.016 20.21 0.007 19.82 0.008 18.34 0.032 17.48 0.045  20.4
54.431168 -35.252783 22.38 0.049 20.85 0.007 20.09 0.023 19.80 0.007 18.31 0.033 17.48 0.045  23.1
54.215157 -35.510822 21.98 0.034 20.85 0.038 20.28 0.025 19.96 0.018 18.86 0.044 18.06 0.077  13.6
54.391088 -35.371872 22.08 0.038 20.85 0.007 20.34 0.023 20.00 0.008 18.77 0.043 18.10 0.080   ---
54.604297 -35.490347 22.03 0.035 20.85 0.016 20.28 0.007 19.91 0.008 18.61 0.038 17.94 0.069  20.7
54.437788 -35.483727 22.17 0.040 20.86 0.020 20.13 0.018 19.81 0.007 18.49 0.036 17.64 0.052  25.4
54.697537 -35.620427 22.29 0.045 20.87 0.031 20.10 0.013 19.63 0.015 18.12 0.029 17.29 0.037  32.5
54.582521 -35.394203 22.05 0.037 20.88 0.004 20.29 0.016 20.05 0.007 18.79 0.042 18.36 0.102  23.6
54.904812 -35.256016 22.21 0.042 20.88 0.036 20.17 0.005 19.82 0.026 18.57 0.038 17.91 0.067  31.1
55.783798 -35.395310 22.14 0.029 20.91 0.005 20.37 0.011 20.10 0.026 18.86 0.047 18.41 0.194  17.2
55.088171 -34.985962 22.07 0.052 20.93 0.013 20.53 0.074 20.35 0.034 19.14 0.066 18.80 0.153   ---
54.230567 -35.493849 22.49 0.053 20.94 0.038 20.21 0.025 19.78 0.018 18.36 0.033 17.39 0.041   6.9
55.095404 -35.564023 22.22 0.042 20.95 0.045 20.42 0.007 20.13 0.028 19.08 0.051 18.52 0.117  20.0
54.367516 -35.356308 22.08 0.038 20.95 0.007 20.44 0.023 20.11 0.008 18.88 0.046 18.31 0.096  22.0
54.367516 -35.356308 22.08 0.038 20.95 0.007 20.44 0.023 20.11 0.008 18.88 0.046 18.31 0.096  22.0
54.606882 -35.488874 22.81 0.071 20.95 0.016 20.16 0.007 19.73 0.007 18.07 0.028 17.12 0.032  13.2
54.549848 -35.665842 22.63 0.060 20.96 0.031 20.09 0.013 19.67 0.015 18.13 0.029 17.23 0.036  16.8
55.082829 -35.258211 22.66 0.062 20.97 0.036 20.33 0.006 19.92 0.026 18.50 0.037 17.68 0.054  14.5
55.373052 -35.330132 22.09 0.038 20.98 0.027 20.38 0.027 20.01 0.020 18.79 0.042 18.15 0.152  22.7
54.727884 -35.495572 22.24 0.043 20.98 0.011 20.39 0.017 20.00 0.029 18.93 0.046 18.20 0.088  16.3
55.154343 -34.977764 22.38 0.050 20.99 0.026 20.39 0.025 20.07 0.035 18.81 0.067 17.83 0.139   8.7
54.769073 -35.259737 22.50 0.054 21.00 0.011 20.34 0.016 19.90 0.034 18.50 0.036 17.83 0.062  13.3
55.386915 -35.193609 22.88 0.067 21.01 0.050 19.95 0.071 19.44 0.046 17.50 0.122 16.47 0.036  43.3
55.089194 -35.407639 22.29 0.044 21.03 0.045 20.45 0.007 20.19 0.028 18.93 0.047 18.03 0.075  32.5
54.446503 -35.382603 22.28 0.045 21.07 0.007 20.57 0.024 20.22 0.009 19.17 0.054 18.40 0.105  10.0
54.739118 -35.413979 22.57 0.057 21.08 0.011 20.40 0.017 20.00 0.029 18.71 0.040 17.88 0.065  16.1
54.576698 -35.461043 22.26 0.043 21.10 0.016 20.37 0.007 20.18 0.009 18.92 0.046 18.26 0.093  17.9
54.663945 -35.451650 22.47 0.053 21.11 0.016 20.39 0.007 20.12 0.009 18.64 0.038 17.91 0.067  28.9
54.669632 -35.463910 22.67 0.062 21.11 0.016 20.22 0.007 19.87 0.008 18.28 0.031 17.26 0.037  69.1
55.270858 -35.368951 22.23 0.037 21.16 0.023 20.53 0.008 20.24 0.014 19.00 0.048 18.32 0.175   ---
54.266646 -35.504593 22.32 0.046 21.16 0.038 20.48 0.025 20.26 0.019 19.00 0.049 18.18 0.086  18.3
54.552897 -35.482542 22.53 0.055 21.16 0.016 20.40 0.007 20.10 0.009 18.73 0.041 17.86 0.064  11.2
54.625858 -35.358603 22.38 0.049 21.17 0.005 20.58 0.016 20.24 0.008 18.90 0.045 18.12 0.081  18.4
54.424174 -35.689642 23.10 0.092 21.18 0.020 20.37 0.015 19.97 0.017 18.32 0.035 17.48 0.045   ---
54.273743 -35.625622 22.45 0.053 21.18 0.039 20.57 0.036 20.21 0.018 18.89 0.045 18.23 0.089  28.4
54.611217 -35.502077 22.50 0.053 21.19 0.016 20.52 0.007 20.20 0.009 18.85 0.044 18.02 0.075  12.1
54.155218 -35.385927 22.21 0.043 21.21 0.028 20.66 0.037 20.38 0.022 19.27 0.058 18.59 0.126  47.7
54.399928 -35.531270 22.37 0.048 21.21 0.021 20.55 0.018 20.32 0.009 19.14 0.053 18.34 0.099  15.1
54.633618 -35.470226 22.90 0.077 21.21 0.016 20.57 0.008 20.21 0.009 18.80 0.042 17.93 0.068  10.5
53.911935 -35.364794 24.24 0.247 21.22 0.020 20.01 0.033 19.89 0.023 18.63 0.039 17.89 0.098   ---
54.444613 -35.578421 22.39 0.049 21.22 0.021 20.65 0.018 20.32 0.009 19.16 0.054 18.82 0.155  12.7
54.703600 -35.462189 22.26 0.043 21.22 0.011 20.69 0.017 20.38 0.030 19.32 0.059 18.93 0.173  14.4
54.788158 -35.458293 22.39 0.049 21.23 0.011 20.73 0.017 20.39 0.030 19.35 0.060 18.43 0.109  34.2
54.429216 -35.369958 22.22 0.043 21.23 0.008 20.75 0.024 20.49 0.011 19.38 0.062 18.79 0.150  32.5
54.250166 -35.510069 22.55 0.056 21.25 0.038 20.61 0.025 20.36 0.019 19.23 0.056 18.44 0.108   ---
54.136530 -35.308390 22.29 0.046 21.25 0.028 20.55 0.037 20.40 0.022 19.06 0.050 18.29 0.095  18.7
54.425996 -35.509415 22.64 0.061 21.25 0.021 20.49 0.018 20.19 0.009 18.78 0.043 17.80 0.060  13.3
54.409310 -35.339009 22.41 0.050 21.25 0.008 20.64 0.024 20.38 0.010 19.08 0.051 18.35 0.100   ---
54.669005 -35.486023 22.62 0.060 21.26 0.016 20.66 0.008 20.25 0.009 18.91 0.046 18.32 0.098  22.5
54.574885 -35.251676 22.73 0.066 21.26 0.006 20.46 0.016 20.28 0.008 18.72 0.041 17.92 0.068  22.4
54.557968 -35.495425 22.70 0.064 21.27 0.016 20.52 0.007 20.24 0.009 18.92 0.046 18.15 0.083  19.6
54.559119 -35.445442 22.78 0.069 21.27 0.016 20.51 0.007 20.22 0.009 18.69 0.040 18.07 0.078  16.4
54.561701 -35.560998 22.37 0.048 21.27 0.016 20.58 0.008 20.42 0.011 19.10 0.051 18.48 0.114  48.3
54.579449 -35.443704 22.57 0.057 21.28 0.016 20.47 0.007 20.27 0.010 18.97 0.047 18.15 0.084  21.4
54.595207 -35.282087 22.46 0.052 21.28 0.006 20.67 0.016 20.50 0.010 19.22 0.056 18.70 0.139  18.4
54.775133 -35.580469 22.52 0.054 21.28 0.011 20.73 0.017 20.34 0.030 19.20 0.055 18.35 0.101  23.8
54.658237 -35.392437 22.84 0.073 21.31 0.006 20.64 0.016 20.16 0.008 18.65 0.039 17.82 0.062  18.2
54.672266 -35.479561 22.45 0.051 21.31 0.016 20.79 0.008 20.51 0.011 19.35 0.060 18.71 0.140  19.7
54.813846 -35.592909 22.42 0.050 21.31 0.011 20.71 0.017 20.37 0.030 19.12 0.052 18.35 0.101  35.0
54.973449 -35.025821 22.42 0.052 21.32 0.030 20.88 0.089 20.60 0.041 19.24 0.123 18.75 0.146   3.0
54.683675 -35.317122 22.93 0.079 21.32 0.006 20.67 0.016 20.20 0.008 18.57 0.037 18.00 0.073  23.2
54.534044 -35.464452 22.51 0.054 21.33 0.017 20.66 0.008 20.38 0.010 19.24 0.056 18.48 0.113  10.6
54.597601 -35.664809 22.84 0.073 21.33 0.031 20.11 0.013 19.56 0.015 17.74 0.024 16.46 0.017  70.9
54.586778 -35.574062 22.50 0.054 21.33 0.017 20.71 0.008 20.44 0.011 19.48 0.065 18.95 0.176  32.5
54.209792 -35.337965 22.44 0.052 21.34 0.028 20.72 0.037 20.35 0.022 19.12 0.052 18.23 0.090  23.5
54.704797 -35.361691 22.87 0.074 21.34 0.011 20.61 0.017 20.19 0.035 18.72 0.041 17.93 0.068  29.2
54.829424 -35.568540 22.61 0.059 21.34 0.011 20.78 0.017 20.41 0.030 19.34 0.060 18.77 0.148  24.8
54.571182 -35.441907 22.84 0.073 21.35 0.017 20.54 0.007 20.25 0.009 18.87 0.044 17.97 0.071  11.3
54.658910 -35.446284 22.78 0.069 21.36 0.017 20.74 0.008 20.43 0.011 19.10 0.051 18.52 0.118  16.8
54.468618 -35.482662 23.20 0.101 21.36 0.021 20.48 0.018 20.01 0.008 18.18 0.031 17.19 0.034  23.7
54.594019 -35.513647 22.45 0.051 21.36 0.017 20.77 0.008 20.54 0.012 19.32 0.059 18.76 0.148  25.5
54.626636 -35.572443 22.93 0.079 21.38 0.017 20.66 0.008 20.29 0.010 18.82 0.043 18.21 0.089  21.4
54.243806 -35.495965 22.38 0.049 21.38 0.038 20.91 0.025 20.57 0.020 19.44 0.065 18.75 0.145  48.0
54.004514 -35.428628 22.89 0.073 21.39 0.017 20.66 0.022 20.39 0.024 19.03 0.050 18.32 0.146  26.8
54.548799 -35.454477 22.94 0.079 21.39 0.017 20.54 0.007 20.24 0.009 18.65 0.039 17.84 0.063  48.7
54.648626 -35.454368 22.95 0.080 21.39 0.017 20.67 0.008 20.38 0.010 18.94 0.046 18.31 0.097  11.9
54.538460 -35.585232 23.31 0.111 21.39 0.017 20.45 0.007 19.99 0.008 18.32 0.032 17.33 0.039  27.7
54.538460 -35.585232 23.31 0.111 21.39 0.017 20.45 0.007 19.99 0.008 18.32 0.032 17.33 0.039  27.7
54.954768 -35.579443 22.53 0.055 21.40 0.045 20.85 0.008 20.57 0.029 19.45 0.064 18.76 0.147  25.8
55.338194 -35.362787 22.02 0.037 21.41 0.027 21.06 0.028 20.82 0.024 20.13 0.103 19.39 0.478  13.2
54.917230 -35.309815 22.61 0.059 21.41 0.036 20.77 0.007 20.37 0.027 19.20 0.055 18.42 0.107  23.8
54.707712 -35.393253 22.82 0.071 21.42 0.011 20.69 0.017 20.30 0.035 18.81 0.043 18.13 0.082  17.1
54.112776 -35.292560 22.45 0.052 21.43 0.028 20.69 0.037 20.57 0.023 19.17 0.054 18.68 0.136  10.4
54.215258 -35.093031 22.34 0.048 21.43 0.016 20.87 0.061 20.60 0.026 19.46 0.081 19.18 0.215  10.4
55.011659 -35.649159 22.84 0.072 21.43 0.047 20.71 0.009 20.34 0.038 18.95 0.047 18.27 0.093  34.8
54.443530 -35.468076 22.81 0.071 21.43 0.021 20.75 0.018 20.39 0.010 18.98 0.048 18.11 0.081  15.0
53.998154 -35.449057 22.94 0.076 21.43 0.017 20.82 0.022 20.60 0.024 19.18 0.054 18.44 0.109  18.2
54.227371 -35.657433 22.63 0.061 21.44 0.039 20.87 0.036 20.58 0.019 19.47 0.066 18.80 0.152  17.6
55.067531 -35.414406 22.73 0.066 21.45 0.045 20.96 0.009 20.63 0.029 19.55 0.069 18.71 0.141  34.4
54.536691 -35.494257 22.48 0.053 21.45 0.017 20.79 0.008 20.54 0.011 19.36 0.060 18.99 0.183  24.9
54.704086 -35.592538 22.79 0.069 21.45 0.012 20.83 0.017 20.43 0.030 19.10 0.051 18.42 0.107  90.3
54.695479 -35.396775 22.69 0.064 21.45 0.006 20.82 0.016 20.52 0.010 19.19 0.054 18.75 0.146  27.9
55.334722 -35.479522 22.77 0.052 21.46 0.016 20.90 0.032 20.30 0.027 19.03 0.048 18.45 0.198  21.7
54.721852 -35.614373 22.61 0.059 21.46 0.041 20.91 0.018 20.49 0.038 19.37 0.061 18.81 0.154  31.5
54.579276 -35.539520 22.99 0.083 21.47 0.017 20.52 0.007 20.35 0.010 19.04 0.049 18.24 0.091  29.2
55.185825 -35.612928 22.74 0.067 21.47 0.023 20.95 0.021 20.63 0.039 19.58 0.069 19.61 0.322  13.8
54.495605 -35.605500 22.75 0.067 21.47 0.020 20.76 0.015 20.38 0.018 19.17 0.055 18.38 0.104  35.1
54.770886 -35.448222 23.02 0.085 21.48 0.012 20.87 0.017 20.47 0.030 19.11 0.051 18.12 0.082  18.8
54.125454 -35.298359 22.54 0.056 21.48 0.028 20.82 0.037 20.85 0.024 19.18 0.055 18.76 0.146  30.2
54.610936 -35.695231 22.83 0.072 21.48 0.031 20.72 0.014 20.48 0.017 19.05 0.050 18.39 0.104  29.6
54.610936 -35.695231 22.83 0.072 21.48 0.031 20.72 0.014 20.48 0.017 19.05 0.050 18.39 0.104  29.6
54.721523 -35.332713 22.51 0.054 21.49 0.012 20.95 0.017 20.67 0.036 19.64 0.073 18.81 0.154  26.9
54.581225 -35.431226 23.34 0.114 21.50 0.017 20.53 0.007 20.24 0.009 18.46 0.035 17.59 0.050  17.4
54.494816 -35.370064 22.80 0.071 21.51 0.009 20.90 0.024 20.65 0.012 19.24 0.057 18.86 0.161   ---
54.628081 -35.411226 22.96 0.081 21.52 0.017 20.79 0.008 20.48 0.011 19.08 0.050 18.39 0.105   9.2
54.500688 -35.502295 22.75 0.067 21.52 0.017 20.83 0.008 20.50 0.011 19.24 0.056 18.37 0.103  41.7
54.426209 -35.429531 22.62 0.060 21.52 0.021 20.83 0.018 20.62 0.012 19.55 0.070 18.80 0.152  39.2
54.426209 -35.429531 22.62 0.060 21.52 0.021 20.83 0.018 20.62 0.012 19.55 0.070 18.80 0.152  39.2
55.028127 -35.490880 23.07 0.089 21.54 0.045 20.91 0.009 20.52 0.029 19.24 0.056 18.33 0.099  20.4
54.573489 -35.477122 22.93 0.079 21.54 0.017 20.81 0.008 20.47 0.011 19.13 0.052 18.39 0.104  22.0
54.576016 -35.415124 22.82 0.071 21.54 0.017 20.80 0.008 20.56 0.012 19.29 0.058 18.70 0.139  13.9
54.648522 -35.517222 22.95 0.080 21.54 0.017 20.83 0.008 20.48 0.011 18.97 0.047 18.31 0.098  13.0
54.628245 -35.665730 23.38 0.118 21.54 0.031 20.77 0.014 20.26 0.016 18.70 0.040 17.98 0.071  32.3
54.606438 -35.268217 22.59 0.059 21.55 0.007 20.95 0.017 20.78 0.013 19.70 0.076 19.22 0.225  10.2
54.590869 -35.489825 23.04 0.087 21.55 0.017 20.76 0.008 20.38 0.010 18.78 0.042 18.03 0.075  21.3
54.664785 -35.487779 22.76 0.068 21.55 0.017 20.98 0.009 20.69 0.013 19.56 0.069 18.75 0.146  34.3
54.583313 -35.445450 22.99 0.083 21.56 0.017 20.85 0.008 20.60 0.012 19.14 0.052 18.44 0.109   8.6
54.735659 -35.474580 23.02 0.085 21.56 0.012 20.87 0.017 20.46 0.030 19.22 0.055 18.34 0.099  22.5
54.672627 -35.461399 22.73 0.066 21.57 0.017 21.07 0.009 20.74 0.013 19.54 0.068 19.18 0.217   6.3
54.737834 -35.475976 22.66 0.062 21.57 0.012 21.06 0.018 20.75 0.031 19.87 0.086 19.38 0.260  30.1
54.519393 -35.502283 23.11 0.092 21.57 0.017 20.83 0.008 20.40 0.010 18.83 0.043 18.28 0.094  30.7
54.472610 -35.437788 22.77 0.068 21.58 0.021 20.95 0.019 20.74 0.013 19.65 0.074 19.15 0.209  22.2
54.663978 -35.479987 23.19 0.099 21.58 0.017 20.85 0.008 20.44 0.011 18.80 0.042 18.11 0.081  15.4
54.680979 -35.468460 22.87 0.075 21.58 0.017 21.10 0.010 20.78 0.014 19.52 0.067 19.25 0.233  23.7
54.815950 -35.582233 22.97 0.081 21.58 0.012 20.94 0.017 20.53 0.031 19.24 0.056 18.29 0.095  22.8
54.241695 -35.575622 21.63 0.026 21.59 0.038 21.36 0.026 21.14 0.025 20.24 0.114 18.84 0.157   ---
54.486824 -35.530757 22.66 0.062 21.59 0.021 20.94 0.019 20.67 0.012 19.53 0.069 19.07 0.196  42.2
54.486824 -35.530757 22.66 0.062 21.59 0.021 20.94 0.019 20.67 0.012 19.53 0.069 19.07 0.196  42.2
54.150458 -35.310701 22.61 0.059 21.59 0.029 20.95 0.037 20.73 0.023 19.38 0.062 18.88 0.163  19.7
54.635342 -35.286895 22.96 0.081 21.59 0.007 20.88 0.016 20.65 0.011 19.13 0.052 18.37 0.102  17.6
54.725145 -35.532701 23.14 0.095 21.60 0.012 20.83 0.017 20.47 0.030 18.98 0.047 18.04 0.076  20.2
54.391265 -35.546466 22.74 0.067 21.61 0.021 20.91 0.018 20.72 0.013 19.45 0.065 18.89 0.166   5.7
54.391265 -35.546466 22.74 0.067 21.61 0.021 20.91 0.018 20.72 0.013 19.45 0.065 18.89 0.166   5.7
54.130208 -35.449515 23.49 0.130 21.61 0.038 20.90 0.025 20.77 0.021 19.21 0.056 18.47 0.112   ---
54.338785 -35.464760 23.49 0.130 21.62 0.021 20.80 0.018 20.57 0.011 19.03 0.050 18.32 0.097  26.8
54.670909 -35.378308 23.10 0.092 21.62 0.007 20.90 0.016 20.54 0.010 19.07 0.050 18.14 0.083  30.0
54.681337 -35.552229 23.01 0.085 21.62 0.017 20.92 0.009 20.64 0.012 19.31 0.059 18.39 0.105  28.0
54.754200 -35.109840 22.68 0.064 21.62 0.008 21.07 0.040 20.75 0.032 19.43 0.113 18.72 0.142  22.9
54.554573 -35.518665 23.02 0.085 21.63 0.017 20.78 0.008 20.50 0.011 18.80 0.042 18.06 0.077  31.6
54.597005 -35.442501 23.23 0.103 21.64 0.017 20.93 0.009 20.67 0.013 19.23 0.056 18.26 0.092  15.0
54.610088 -35.406990 23.13 0.094 21.64 0.017 20.88 0.009 20.62 0.012 19.11 0.051 18.45 0.111   6.8
54.610151 -35.422701 23.07 0.090 21.64 0.017 20.92 0.009 20.63 0.012 19.09 0.051 18.45 0.111   3.3
54.706287 -35.494171 22.83 0.072 21.65 0.012 21.05 0.018 20.70 0.031 19.51 0.067 18.74 0.145   ---
54.661575 -35.431912 23.66 0.152 21.65 0.017 20.80 0.008 20.45 0.011 18.72 0.040 17.84 0.063  23.4
54.625677 -35.479990 23.47 0.128 21.67 0.017 20.93 0.009 20.50 0.011 18.80 0.042 17.91 0.067  19.4
54.320507 -35.327944 22.73 0.066 21.67 0.009 21.09 0.024 20.90 0.015 19.78 0.081 19.08 0.197  29.1
54.664402 -35.474258 23.15 0.095 21.67 0.017 20.92 0.009 20.57 0.012 19.04 0.049 18.36 0.102  52.5
54.445919 -35.463368 23.21 0.101 21.67 0.021 20.93 0.019 20.69 0.012 19.21 0.056 18.41 0.106  14.5
54.693153 -35.286805 22.78 0.069 21.67 0.008 21.09 0.017 20.88 0.014 19.62 0.072 19.33 0.249  30.5
54.045148 -35.406122 22.90 0.074 21.68 0.018 21.03 0.022 20.79 0.025 19.58 0.071 18.84 0.159  64.4
54.788223 -35.582781 23.27 0.107 21.68 0.013 20.90 0.017 20.41 0.030 18.80 0.042 18.05 0.077  54.1
54.540434 -35.410333 23.02 0.085 21.68 0.017 21.03 0.009 20.83 0.014 19.52 0.067 18.76 0.148   9.9
54.497595 -35.602573 22.84 0.073 21.69 0.021 20.93 0.016 20.57 0.019 19.12 0.054 18.67 0.135  39.1
54.700582 -35.466139 23.35 0.114 21.69 0.013 20.98 0.017 20.57 0.031 19.07 0.050 18.51 0.117  20.8
54.585154 -35.491109 23.12 0.093 21.69 0.017 20.99 0.009 20.65 0.012 19.27 0.057 18.47 0.113  21.4
55.161762 -35.578580 23.02 0.066 21.69 0.021 21.14 0.009 20.78 0.018 19.81 0.081 19.09 0.357  20.5
54.693401 -35.623084 23.25 0.105 21.69 0.031 20.97 0.015 20.56 0.018 19.17 0.054 18.21 0.088  22.5
54.758890 -35.626638 23.42 0.122 21.69 0.042 21.06 0.018 20.55 0.038 19.23 0.055 18.27 0.093  26.9
54.337997 -35.549220 23.54 0.136 21.69 0.021 20.94 0.019 20.64 0.012 18.91 0.046 17.98 0.071  23.1
55.335430 -35.214867 22.94 0.064 21.69 0.027 21.12 0.028 20.56 0.022 19.24 0.056 19.10 0.365  29.7
54.852801 -35.088243 22.91 0.078 21.70 0.009 21.11 0.040 20.82 0.032 19.57 0.117 19.12 0.206  27.0
54.436281 -35.321794 22.90 0.077 21.70 0.010 21.11 0.024 20.84 0.014 19.48 0.066 19.16 0.213  18.5
54.377418 -35.324674 23.07 0.089 21.70 0.010 21.03 0.024 20.65 0.012 19.34 0.061 18.83 0.157   ---
54.674662 -35.496827 22.74 0.066 21.71 0.017 21.15 0.010 20.78 0.014 19.68 0.075 18.73 0.143  21.8
54.561301 -35.532983 23.37 0.117 21.71 0.017 20.80 0.008 20.46 0.011 18.75 0.041 17.93 0.068  22.2
54.243021 -35.535316 22.83 0.072 21.71 0.038 21.00 0.025 20.65 0.021 19.25 0.057 18.52 0.117   7.6
55.010507 -35.613458 23.14 0.094 21.72 0.047 21.04 0.010 20.63 0.039 19.38 0.061 18.59 0.126  33.6
54.561510 -35.556839 23.39 0.119 21.72 0.017 20.83 0.008 20.51 0.011 18.93 0.046 18.15 0.084  34.1
54.561510 -35.556839 23.39 0.119 21.72 0.017 20.83 0.008 20.51 0.011 18.93 0.046 18.15 0.084  34.1
54.203447 -35.379528 23.19 0.100 21.72 0.029 21.01 0.037 20.50 0.022 19.11 0.052 18.06 0.077  14.6
55.003000 -35.699550 23.26 0.105 21.72 0.047 21.02 0.010 20.60 0.039 19.31 0.059 18.59 0.125  23.7
54.232234 -35.489364 24.02 0.210 21.72 0.038 20.85 0.025 20.40 0.019 18.66 0.040 17.74 0.057   ---
54.556461 -35.482240 23.30 0.110 21.73 0.017 20.91 0.009 20.50 0.011 18.91 0.045 18.10 0.080  20.3
54.368609 -35.142656 22.76 0.068 21.73 0.008 21.18 0.080 20.92 0.023 20.08 0.119 19.07 0.194  15.5
54.366628 -35.542289 22.83 0.072 21.73 0.021 21.13 0.019 20.98 0.016 19.74 0.079 19.57 0.310  28.4
54.766089 -35.407936 23.55 0.137 21.73 0.013 21.01 0.017 20.58 0.031 19.18 0.054 18.22 0.090  19.9
54.703782 -35.468016 23.09 0.091 21.73 0.013 21.12 0.018 20.74 0.031 19.56 0.069 18.71 0.141  19.0
54.623053 -35.418937 23.46 0.127 21.74 0.017 20.91 0.009 20.59 0.012 18.95 0.046 18.20 0.088  17.7
55.074289 -35.398122 23.09 0.091 21.74 0.036 21.16 0.009 20.83 0.029 19.55 0.069 18.98 0.180  24.8
54.914204 -35.616194 22.93 0.078 21.74 0.047 21.06 0.010 20.64 0.039 19.51 0.066 18.64 0.132  42.2
54.384752 -35.242837 22.76 0.068 21.74 0.010 21.20 0.025 21.02 0.016 19.73 0.079 19.50 0.289  23.5
54.546691 -35.492240 23.16 0.096 21.75 0.018 20.97 0.009 20.69 0.013 19.31 0.058 18.34 0.100  20.8
54.503913 -35.409510 23.52 0.134 21.76 0.018 20.93 0.009 20.63 0.012 19.16 0.053 18.20 0.087   ---
54.618499 -35.472550 23.64 0.149 21.77 0.018 21.14 0.010 20.76 0.014 19.46 0.065 18.60 0.126  18.9
54.444984 -35.656510 23.49 0.131 21.77 0.021 21.02 0.016 20.55 0.019 19.06 0.052 18.47 0.112  15.6
54.518491 -35.469854 23.54 0.137 21.77 0.018 20.98 0.009 20.55 0.012 18.99 0.048 17.89 0.066   ---
54.518491 -35.469854 23.54 0.137 21.77 0.018 20.98 0.009 20.55 0.012 18.99 0.048 17.89 0.066   ---
55.206584 -35.546222 23.47 0.098 21.77 0.022 21.03 0.008 20.61 0.016 19.10 0.050 18.38 0.185  16.6
54.660610 -35.464405 23.31 0.111 21.78 0.018 21.12 0.010 20.79 0.014 19.44 0.064 18.58 0.124  20.8
54.549997 -35.533577 22.83 0.072 21.78 0.018 21.01 0.009 20.84 0.014 19.37 0.061 18.54 0.120  30.9
54.637310 -35.483708 22.90 0.077 21.78 0.018 21.31 0.011 21.00 0.016 19.88 0.087 19.06 0.194  16.5
54.089206 -35.070974 22.45 0.053 21.78 0.029 21.08 0.028 20.88 0.019 19.89 0.098 19.46 0.279  32.0
54.667765 -35.359182 23.14 0.096 21.78 0.008 21.10 0.017 20.71 0.012 19.32 0.059 18.58 0.125  18.8
54.811205 -35.346292 23.10 0.091 21.79 0.013 21.26 0.018 20.88 0.037 19.69 0.076 18.92 0.171  42.4
54.316887 -35.389144 22.72 0.066 21.79 0.010 21.26 0.025 20.99 0.016 20.00 0.095 19.31 0.244  17.2
54.316887 -35.389144 22.72 0.066 21.79 0.010 21.26 0.025 20.99 0.016 20.00 0.095 19.31 0.244  17.2
55.097123 -35.642208 23.11 0.092 21.79 0.047 21.25 0.011 20.86 0.040 19.72 0.077 19.05 0.192  23.4
54.512534 -35.441310 23.21 0.101 21.80 0.018 21.15 0.010 20.90 0.015 19.87 0.086 19.05 0.193  26.7
54.752893 -35.508955 23.03 0.086 21.80 0.013 21.37 0.019 20.99 0.033 19.92 0.089 18.95 0.175  28.7
54.674310 -35.433502 23.81 0.175 21.80 0.018 20.97 0.009 20.49 0.011 18.83 0.043 17.69 0.055  54.0
54.780840 -35.418385 22.92 0.078 21.81 0.013 21.28 0.018 20.97 0.033 19.94 0.091 19.38 0.262  17.1
54.564806 -35.534331 22.87 0.075 21.81 0.018 20.97 0.009 20.77 0.014 19.51 0.067 18.60 0.127  38.3
54.668370 -35.479851 23.54 0.136 21.81 0.018 21.07 0.009 20.65 0.012 18.87 0.044 18.08 0.079  23.0
55.023989 -35.741078 23.20 0.099 21.81 0.047 21.18 0.011 20.83 0.040 19.71 0.076 19.06 0.194  14.9
54.576618 -35.431255 22.81 0.071 21.81 0.018 21.05 0.009 20.96 0.016 19.74 0.078 19.18 0.217  29.5
54.813811 -35.190350 22.79 0.071 21.82 0.010 21.29 0.040 21.05 0.033 19.87 0.129 19.21 0.224  31.8
54.609382 -35.423856 23.93 0.195 21.83 0.018 20.95 0.009 20.59 0.012 18.89 0.045 18.01 0.074  19.6
54.940895 -35.296132 23.29 0.109 21.83 0.037 21.14 0.009 20.67 0.028 19.10 0.052 18.32 0.098  29.3
54.050501 -35.452132 23.55 0.131 21.83 0.018 21.17 0.022 20.86 0.026 19.47 0.066 18.39 0.155   6.7
54.635103 -35.629785 23.30 0.110 21.83 0.032 21.24 0.016 20.86 0.020 19.45 0.064 18.67 0.135  22.6
54.703249 -35.365509 22.98 0.083 21.83 0.013 21.29 0.018 20.96 0.037 19.82 0.083 19.54 0.304  24.0
54.727994 -35.504463 23.00 0.084 21.84 0.013 21.27 0.018 20.88 0.032 19.64 0.073 18.98 0.181  32.2
54.488149 -35.413011 23.04 0.087 21.84 0.022 21.16 0.019 21.00 0.016 19.90 0.089 19.29 0.239  17.4
54.488149 -35.413011 23.04 0.087 21.84 0.022 21.16 0.019 21.00 0.016 19.90 0.089 19.29 0.239  17.4
54.642043 -35.564984 23.02 0.085 21.84 0.018 21.28 0.011 21.04 0.017 19.82 0.083 19.33 0.249  25.8
54.642043 -35.564984 23.02 0.085 21.84 0.018 21.28 0.011 21.04 0.017 19.82 0.083 19.33 0.249  25.8
54.649602 -35.326995 23.26 0.106 21.85 0.009 21.19 0.017 20.92 0.014 19.52 0.068 18.85 0.160  23.2
54.709979 -35.368797 23.38 0.118 21.85 0.013 21.06 0.017 20.66 0.036 19.15 0.053 18.43 0.109  34.0
54.538118 -35.637191 23.20 0.101 21.85 0.032 21.04 0.015 20.65 0.018 19.24 0.056 18.28 0.094  42.3
54.503797 -35.440099 23.01 0.085 21.86 0.018 21.19 0.010 21.01 0.016 19.79 0.081 19.19 0.218  28.3
54.503797 -35.440099 23.01 0.085 21.86 0.018 21.19 0.010 21.01 0.016 19.79 0.081 19.19 0.218  28.3
55.004041 -35.576483 23.59 0.142 21.86 0.046 21.12 0.010 20.69 0.029 19.21 0.055 18.49 0.115  31.5
54.699567 -35.574167 23.29 0.108 21.86 0.018 21.15 0.010 20.71 0.013 19.24 0.056 18.47 0.112  18.2
54.641849 -35.602347 23.16 0.097 21.86 0.032 21.27 0.016 21.00 0.021 20.01 0.095 19.27 0.236  34.1
54.655057 -35.470261 24.09 0.224 21.86 0.018 21.12 0.010 20.71 0.013 19.16 0.053 18.12 0.081  17.3
54.587483 -35.503576 23.00 0.084 21.86 0.018 21.13 0.010 20.84 0.014 19.41 0.062 18.75 0.146  31.2
54.568743 -35.518791 23.01 0.084 21.87 0.018 21.17 0.010 20.92 0.015 19.72 0.077 19.40 0.266  27.3
54.613999 -35.427024 22.83 0.072 21.87 0.018 21.25 0.010 21.00 0.016 19.67 0.075 19.33 0.248  30.5
54.494734 -35.492280 23.25 0.105 21.87 0.022 21.18 0.019 20.83 0.014 19.50 0.067 18.73 0.142  38.6
55.125843 -35.506471 23.22 0.101 21.87 0.022 21.29 0.010 20.84 0.018 19.52 0.066 18.80 0.153  28.3
54.646401 -35.651573 23.06 0.089 21.87 0.032 21.27 0.016 21.00 0.021 20.19 0.108 19.16 0.213  32.0
54.662359 -35.548928 23.03 0.086 21.87 0.018 21.29 0.011 21.08 0.017 19.85 0.084 19.43 0.272  36.7
55.052281 -35.353244 23.04 0.087 21.88 0.037 21.36 0.010 21.12 0.031 19.87 0.086 19.45 0.279   ---
54.686984 -35.625246 23.39 0.120 21.88 0.032 21.17 0.015 20.70 0.018 19.27 0.057 18.77 0.148  24.8
54.498100 -35.607014 23.10 0.092 21.88 0.021 21.18 0.016 20.77 0.020 19.48 0.067 18.95 0.175  36.8
54.524632 -35.588942 22.94 0.079 21.88 0.018 21.25 0.010 21.01 0.016 19.74 0.078 19.16 0.214  36.7
54.659309 -35.510792 23.27 0.107 21.89 0.018 21.25 0.010 20.92 0.015 19.57 0.069 19.02 0.188  14.1
54.537499 -35.637590 22.93 0.079 21.89 0.032 21.21 0.015 20.92 0.020 19.85 0.085 18.96 0.177  69.8
54.677248 -35.694688 23.59 0.143 21.89 0.032 21.15 0.015 20.80 0.019 19.21 0.055 18.41 0.106  23.2
54.523025 -35.238100 22.98 0.082 21.89 0.009 21.35 0.018 21.06 0.016 19.71 0.077 19.43 0.273  26.5
54.647894 -35.424833 23.25 0.105 21.90 0.018 21.09 0.010 20.84 0.014 19.41 0.063 18.51 0.116  17.3
54.579685 -35.357485 23.11 0.093 21.90 0.009 21.27 0.018 21.07 0.016 19.84 0.084 19.40 0.266  28.1
54.715001 -35.602934 23.29 0.109 21.90 0.042 21.14 0.018 20.90 0.039 19.48 0.066 19.28 0.239  71.5
54.569421 -35.493091 23.21 0.101 21.90 0.018 21.18 0.010 20.91 0.015 19.54 0.068 18.82 0.155  29.3
55.293537 -35.582568 23.05 0.068 21.91 0.022 21.37 0.011 21.04 0.020 19.95 0.089 19.45 0.278   ---
54.387660 -35.494749 23.11 0.093 21.91 0.022 21.24 0.019 20.92 0.015 19.64 0.074 18.75 0.145  15.6
54.679835 -35.496967 23.35 0.115 21.91 0.018 21.43 0.012 20.92 0.015 19.70 0.076 19.00 0.183   8.1
54.434153 -35.449247 23.32 0.112 21.91 0.022 21.25 0.019 21.05 0.017 19.99 0.094 19.24 0.228  21.2
54.660975 -35.407447 23.06 0.088 21.91 0.018 21.37 0.011 21.15 0.018 19.82 0.083 19.42 0.272  28.3
54.409897 -35.314001 22.72 0.066 21.92 0.011 21.42 0.025 21.23 0.019 19.91 0.089 19.13 0.207  24.9
54.666007 -35.460438 23.20 0.100 21.92 0.018 21.36 0.011 21.06 0.017 19.74 0.079 19.38 0.259  18.9
54.742242 -35.590220 23.93 0.194 21.92 0.014 21.12 0.018 20.68 0.031 19.08 0.051 18.35 0.101  28.1
55.191525 -35.247660 23.05 0.089 21.92 0.024 21.28 0.010 21.02 0.020 19.60 0.070 19.30 0.243  28.4
54.529424 -35.407928 23.85 0.180 21.93 0.018 21.01 0.009 20.61 0.012 19.03 0.049 17.98 0.072  25.0
54.529424 -35.407928 23.85 0.180 21.93 0.018 21.01 0.009 20.61 0.012 19.03 0.049 17.98 0.072  25.0
54.251396 -35.520581 23.94 0.195 21.93 0.039 21.09 0.025 20.70 0.021 18.93 0.047 18.07 0.077  27.8
54.555853 -35.627191 23.29 0.109 21.93 0.032 21.14 0.015 20.73 0.019 19.45 0.064 19.31 0.244  24.6
54.511844 -35.416036 22.99 0.083 21.93 0.018 21.30 0.011 21.18 0.019 20.02 0.096 18.90 0.167  18.6
54.588919 -35.409955 23.46 0.127 21.93 0.018 21.18 0.010 20.89 0.015 19.36 0.060 19.01 0.186  15.4
54.300196 -35.165290 23.62 0.147 21.93 0.010 21.22 0.080 21.06 0.024 19.55 0.092 19.08 0.196  27.9
54.704332 -35.651387 23.66 0.151 21.93 0.042 21.25 0.019 20.77 0.039 19.54 0.068 18.65 0.133  24.5
54.564917 -35.294925 23.25 0.105 21.94 0.010 21.25 0.017 20.99 0.015 19.76 0.080 18.96 0.178  26.7
54.688203 -35.431404 23.18 0.098 21.94 0.018 21.24 0.010 20.94 0.015 19.73 0.078 19.50 0.291  33.2
54.304686 -35.511437 23.59 0.143 21.94 0.022 21.25 0.019 20.84 0.014 19.33 0.060 18.73 0.142  24.5
54.929565 -35.552864 23.13 0.093 21.94 0.046 21.34 0.011 21.09 0.032 20.01 0.095 19.34 0.252  32.6
54.265312 -35.652887 23.01 0.086 21.95 0.040 21.36 0.037 21.17 0.024 19.90 0.089 19.25 0.231  14.2
54.557943 -35.431188 22.91 0.077 21.95 0.018 21.25 0.010 21.07 0.017 20.20 0.110 19.44 0.276  29.0
53.960332 -35.256689 23.01 0.086 21.96 0.022 21.38 0.034 21.21 0.027 19.90 0.089 19.07 0.197  28.2
54.359410 -35.684909 23.28 0.108 21.96 0.022 21.33 0.017 21.09 0.023 19.69 0.077 19.10 0.201  14.8
54.593448 -35.442465 23.21 0.101 21.96 0.018 21.27 0.011 21.04 0.017 19.64 0.073 18.95 0.176  23.7
54.598213 -35.392375 23.43 0.124 21.97 0.010 21.29 0.018 20.99 0.015 19.36 0.061 18.68 0.137  25.2
54.649095 -35.426101 23.19 0.100 21.97 0.018 21.33 0.011 21.17 0.019 19.91 0.088 19.59 0.317  11.4
55.549629 -35.411935 23.14 0.071 21.97 0.017 21.39 0.014 21.08 0.023 19.77 0.081 18.95 0.319   8.9
54.659504 -35.633466 23.12 0.094 21.97 0.032 21.41 0.016 21.03 0.021 19.81 0.082 19.74 0.362  28.3
54.648534 -35.334894 22.96 0.081 21.98 0.010 21.40 0.018 21.20 0.018 20.00 0.094 19.09 0.200  19.7
54.910098 -35.345146 23.14 0.095 21.98 0.037 21.50 0.011 21.08 0.031 20.19 0.108 19.80 0.383  36.3
54.553252 -35.467956 23.28 0.108 21.98 0.018 21.21 0.010 20.93 0.015 19.43 0.063 19.47 0.283  26.3
54.387133 -35.281064 23.05 0.088 21.98 0.011 21.33 0.025 21.18 0.019 19.84 0.085 19.73 0.358  23.9
55.067861 -35.224388 23.19 0.099 21.99 0.037 21.54 0.012 21.13 0.032 19.96 0.091 19.47 0.283  15.2
54.809240 -35.350985 23.07 0.089 21.99 0.014 21.58 0.020 21.22 0.039 20.34 0.122 19.52 0.298  17.2
54.773411 -35.483190 23.51 0.133 21.99 0.014 21.46 0.019 21.00 0.033 19.84 0.084 18.98 0.181  27.5
54.469373 -35.514462 23.99 0.205 21.99 0.022 21.19 0.019 20.74 0.013 18.81 0.043 18.07 0.078  36.2
54.526207 -35.380053 23.28 0.108 21.99 0.010 21.53 0.019 21.22 0.019 20.20 0.109 19.85 0.402  15.8
54.016148 -35.457345 23.52 0.136 21.99 0.018 21.30 0.023 21.00 0.026 19.67 0.075 18.86 0.241  26.2
54.915641 -35.430996 23.30 0.109 22.00 0.046 21.33 0.011 20.92 0.031 19.80 0.082 19.05 0.192  36.2
54.589373 -35.405714 23.11 0.093 22.00 0.019 21.36 0.011 21.25 0.020 19.91 0.088 19.63 0.329  28.7
54.615699 -35.543417 23.07 0.089 22.00 0.019 21.32 0.011 21.08 0.017 19.82 0.083 19.77 0.374  35.2
54.809956 -35.356930 23.50 0.131 22.00 0.014 21.36 0.019 20.92 0.037 19.63 0.073 18.67 0.136  30.9
54.681559 -35.401112 23.34 0.114 22.00 0.019 21.42 0.012 21.01 0.016 19.79 0.081 19.11 0.203  24.9
55.306632 -35.491304 22.83 0.054 22.00 0.016 21.47 0.033 21.07 0.032 20.15 0.103 20.04 0.481  24.9
54.318621 -35.401676 22.90 0.077 22.01 0.022 21.46 0.020 21.26 0.020 20.25 0.114 19.95 0.440  22.6
54.632784 -35.509115 23.19 0.100 22.01 0.019 21.46 0.012 21.14 0.018 19.79 0.081 18.89 0.166  23.3
54.963124 -35.664828 23.56 0.139 22.01 0.047 21.25 0.011 20.79 0.040 19.42 0.063 18.79 0.152  32.9
54.247895 -35.033975 22.97 0.083 22.01 0.018 21.51 0.062 21.22 0.029 20.12 0.116 19.87 0.408  22.5
54.611009 -35.426062 23.91 0.191 22.01 0.019 21.23 0.010 20.98 0.016 19.41 0.062 18.89 0.166  24.6
54.779148 -35.590043 23.68 0.155 22.02 0.014 21.27 0.018 20.86 0.032 19.46 0.065 18.54 0.120   8.7
54.465807 -35.526625 23.43 0.124 22.02 0.022 21.47 0.020 21.27 0.020 19.56 0.070 19.24 0.229  18.4
54.548590 -35.657309 23.16 0.097 22.02 0.032 21.34 0.016 21.08 0.022 19.74 0.078 19.22 0.226  31.1
54.185130 -35.406632 23.28 0.108 22.02 0.039 21.33 0.026 20.99 0.023 19.56 0.070 18.72 0.141  17.1
54.801895 -35.351627 23.72 0.160 22.02 0.014 21.31 0.018 20.92 0.037 19.51 0.067 19.04 0.190  50.6
54.573587 -35.474062 23.06 0.089 22.03 0.019 21.27 0.011 20.97 0.016 19.44 0.064 18.63 0.130  33.0
54.723042 -35.444256 23.67 0.154 22.03 0.014 21.25 0.018 20.86 0.032 19.25 0.056 18.27 0.093  34.5
54.633904 -35.415175 23.50 0.131 22.03 0.019 21.29 0.011 20.97 0.016 19.59 0.071 18.79 0.152  18.9
54.666857 -35.489022 23.30 0.109 22.04 0.019 21.38 0.011 21.04 0.017 19.49 0.066 18.85 0.160  28.6
54.655516 -35.262319 23.08 0.090 22.04 0.010 21.52 0.019 21.29 0.020 20.41 0.128 19.87 0.408  28.1
54.539717 -35.456149 22.99 0.083 22.04 0.019 21.47 0.012 21.31 0.021 20.16 0.106 19.64 0.331  26.1
54.633247 -35.247896 23.40 0.120 22.04 0.010 21.35 0.018 21.08 0.017 19.67 0.074 19.26 0.234  26.8
55.265883 -35.442781 23.20 0.077 22.05 0.022 21.43 0.011 21.14 0.022 19.93 0.088 20.36 0.646  18.8
54.639042 -35.541370 24.36 0.287 22.05 0.019 21.20 0.010 20.83 0.014 19.13 0.052 18.24 0.091  20.4
55.047487 -35.324791 23.43 0.124 22.05 0.037 21.55 0.012 21.30 0.033 19.99 0.094 19.72 0.358  17.0
54.517971 -35.463029 23.09 0.091 22.05 0.019 21.41 0.012 21.09 0.017 19.78 0.081 19.06 0.194  25.5
55.557091 -35.378057 23.32 0.082 22.05 0.016 21.48 0.017 21.24 0.032 19.93 0.091 18.82 0.285  16.0
54.660112 -35.518203 23.78 0.169 22.06 0.019 21.38 0.011 20.94 0.016 19.29 0.058 18.51 0.117  19.8
55.274567 -35.443873 23.13 0.072 22.06 0.023 21.45 0.012 21.15 0.022 19.93 0.088 19.56 0.307  11.1
54.151226 -35.366296 23.39 0.119 22.06 0.030 21.43 0.038 21.08 0.026 19.92 0.090 19.01 0.185  26.1
54.567005 -35.469368 23.10 0.092 22.06 0.019 21.42 0.012 21.27 0.020 19.55 0.068 19.16 0.213  62.5
54.812861 -35.542950 23.86 0.183 22.06 0.014 21.31 0.018 20.93 0.032 19.50 0.066 18.49 0.115  16.6
54.696160 -35.550930 24.15 0.237 22.06 0.019 21.26 0.011 20.92 0.015 19.39 0.062 18.47 0.113  28.0
54.125315 -35.003818 24.21 0.202 22.07 0.017 21.28 0.061 20.94 0.027 19.96 0.108 18.63 0.130  28.5
55.307035 -35.304821 23.19 0.078 22.07 0.028 21.60 0.029 21.23 0.028 20.05 0.097 19.12 0.208  10.5
54.685046 -35.501809 23.31 0.110 22.08 0.019 21.58 0.013 21.19 0.019 20.17 0.106 19.48 0.286  29.4
54.585872 -35.436373 23.54 0.137 22.08 0.019 21.38 0.011 21.13 0.018 19.63 0.073 18.91 0.169  28.4
54.782383 -35.532409 23.27 0.107 22.08 0.015 21.51 0.019 21.27 0.035 20.32 0.120 19.52 0.297  23.6
54.289516 -35.562587 23.65 0.150 22.08 0.039 21.46 0.026 21.06 0.024 19.69 0.077 18.82 0.155   3.4
54.457649 -35.472893 22.83 0.072 22.08 0.023 21.51 0.020 21.26 0.020 20.19 0.109 19.40 0.265  15.7
54.457649 -35.472893 22.83 0.072 22.08 0.023 21.51 0.020 21.26 0.020 20.19 0.109 19.40 0.265  15.7
54.334164 -35.384814 22.94 0.080 22.08 0.012 21.57 0.026 21.33 0.021 20.25 0.115 19.72 0.355  28.4
54.628948 -35.532472 23.21 0.101 22.09 0.019 21.53 0.013 21.27 0.020 20.10 0.101 20.12 0.516  34.7
54.531757 -35.347107 23.32 0.112 22.09 0.011 21.52 0.019 21.30 0.020 20.15 0.105 19.06 0.194  13.4
54.415414 -35.373838 23.71 0.159 22.09 0.012 21.42 0.025 21.02 0.016 19.71 0.078 18.91 0.169  11.4
54.037966 -35.428795 23.22 0.103 22.09 0.020 21.39 0.023 21.13 0.027 19.55 0.070 18.90 0.168  23.3
54.649642 -35.437851 23.88 0.185 22.09 0.019 21.29 0.011 20.89 0.015 19.17 0.053 18.43 0.108  34.1
54.643036 -35.566290 23.85 0.180 22.09 0.019 21.41 0.012 21.06 0.017 19.77 0.080 19.00 0.184  31.7
54.697615 -35.630539 23.31 0.111 22.10 0.032 21.43 0.016 21.14 0.023 19.96 0.092 19.71 0.354  38.6
54.360849 -35.457134 23.11 0.093 22.10 0.023 21.55 0.021 21.32 0.021 20.01 0.096 19.85 0.403  18.1
54.509079 -35.649790 23.37 0.118 22.10 0.032 21.36 0.016 20.97 0.021 19.65 0.073 18.83 0.156  35.8
54.664241 -35.428249 23.92 0.193 22.10 0.019 21.28 0.011 20.97 0.016 19.40 0.062 18.59 0.126  20.0
54.661473 -35.428513 23.90 0.188 22.10 0.019 21.22 0.010 20.93 0.015 19.21 0.055 18.66 0.133  33.8
54.665616 -35.249125 23.53 0.136 22.10 0.011 21.34 0.018 20.99 0.015 19.46 0.065 18.81 0.154  30.3
54.534027 -35.510001 23.95 0.199 22.10 0.019 21.26 0.011 20.91 0.015 19.25 0.056 18.09 0.079  44.1
54.852270 -35.342773 23.35 0.115 22.11 0.015 21.62 0.020 21.19 0.039 20.05 0.098 19.37 0.257  17.7
54.532180 -35.366435 24.17 0.242 22.11 0.011 21.32 0.018 20.93 0.015 19.29 0.058 18.43 0.108   4.7
54.584401 -35.338582 23.31 0.111 22.11 0.011 21.56 0.019 21.31 0.020 20.07 0.099 19.77 0.374  21.8
54.547671 -35.491664 23.76 0.166 22.12 0.019 21.28 0.011 20.93 0.015 19.20 0.054 18.54 0.120  29.2
54.538135 -35.484975 24.31 0.275 22.12 0.019 21.33 0.011 20.90 0.015 19.13 0.052 18.37 0.102  32.0
54.589815 -35.437696 23.67 0.154 22.12 0.019 21.41 0.012 21.22 0.019 19.80 0.081 19.51 0.296  23.5
54.351086 -35.382594 23.19 0.100 22.12 0.013 21.55 0.026 21.29 0.020 20.10 0.102 19.61 0.321  14.3
54.737687 -35.535541 23.63 0.148 22.12 0.015 21.33 0.019 21.03 0.033 19.67 0.074 18.84 0.160  29.4
54.513066 -35.473879 23.75 0.166 22.12 0.019 21.26 0.011 20.81 0.014 19.17 0.053 18.22 0.089  42.4
54.837195 -35.654334 23.43 0.123 22.12 0.042 21.46 0.020 21.03 0.040 19.82 0.083 18.77 0.149  32.0
54.954833 -35.818188 23.23 0.102 22.13 0.020 21.45 0.013 21.14 0.033 20.02 0.095 19.29 0.241  33.9
54.312927 -35.522650 23.30 0.110 22.13 0.023 21.54 0.021 21.29 0.020 19.94 0.091 18.97 0.178  32.8
54.707603 -35.580412 23.59 0.143 22.13 0.015 21.49 0.019 21.12 0.034 20.24 0.113 19.16 0.213  33.0
54.641132 -35.422657 22.96 0.081 22.13 0.019 21.50 0.012 21.33 0.021 19.83 0.083 18.71 0.141  27.3
54.299565 -35.205027 23.03 0.086 22.13 0.030 21.54 0.038 21.40 0.030 20.26 0.116 19.85 0.400   ---
54.597623 -35.513449 23.08 0.090 22.13 0.019 21.51 0.012 21.23 0.020 20.10 0.101 19.98 0.456  27.3
54.540612 -35.402519 23.31 0.111 22.13 0.019 21.52 0.013 21.33 0.021 19.78 0.081 19.42 0.272  21.3
54.577298 -35.469067 23.82 0.175 22.14 0.019 21.27 0.011 20.96 0.016 19.57 0.070 18.64 0.132  28.9
54.638633 -35.679471 23.33 0.113 22.14 0.032 21.54 0.017 21.24 0.024 20.16 0.106 19.50 0.292  23.0
54.756289 -35.441736 23.55 0.138 22.14 0.015 21.56 0.020 21.24 0.035 20.47 0.134 19.41 0.268  36.9
55.054019 -35.450961 23.48 0.129 22.14 0.046 21.64 0.013 21.33 0.035 20.22 0.110 19.81 0.388   9.0
54.248287 -35.494248 24.46 0.313 22.14 0.039 21.29 0.026 20.87 0.022 19.30 0.059 18.25 0.091  34.1
54.417218 -35.539257 23.26 0.107 22.14 0.023 21.49 0.020 21.32 0.021 20.25 0.114 20.32 0.619  39.3
54.417218 -35.539257 23.26 0.107 22.14 0.023 21.49 0.020 21.32 0.021 20.25 0.114 20.32 0.619  39.3
54.900176 -35.253628 23.52 0.134 22.14 0.037 21.35 0.010 20.96 0.030 19.64 0.073 18.89 0.166  40.4
54.791909 -35.401209 23.48 0.129 22.15 0.015 21.58 0.020 21.13 0.034 20.18 0.107 19.59 0.316  25.7
54.705545 -35.383028 23.24 0.104 22.15 0.015 21.57 0.020 21.22 0.039 20.05 0.098 19.48 0.286  30.2
54.645020 -35.481652 23.49 0.131 22.15 0.019 21.55 0.013 21.06 0.017 19.58 0.070 19.05 0.192  62.1
54.731488 -35.447860 23.43 0.123 22.15 0.015 21.44 0.019 21.18 0.034 20.12 0.102 19.39 0.265  20.4
54.555405 -35.528442 23.33 0.113 22.15 0.019 21.46 0.012 21.26 0.020 20.01 0.095 20.38 0.657  35.0
54.025813 -35.459122 23.41 0.116 22.16 0.019 21.58 0.023 21.39 0.029 20.12 0.104 19.37 0.259  22.3
54.964169 -35.415264 23.37 0.117 22.16 0.046 21.56 0.013 21.17 0.033 20.28 0.116 19.41 0.268  28.3
54.669930 -35.492849 23.31 0.111 22.16 0.019 21.57 0.013 21.27 0.020 19.94 0.090 19.65 0.336  30.1
54.662590 -35.460518 23.66 0.152 22.16 0.019 21.40 0.011 21.06 0.017 19.55 0.069 18.67 0.136  53.9
54.539133 -35.516736 23.14 0.095 22.16 0.019 21.53 0.013 21.34 0.022 20.43 0.130 19.54 0.303  29.7
54.569778 -35.465661 23.06 0.089 22.16 0.019 21.54 0.013 21.35 0.022 20.01 0.095 19.81 0.389  28.9
54.049228 -34.947016 23.26 0.087 22.17 0.011 21.56 0.050 21.36 0.021 20.25 0.137 19.86 0.597  32.2
54.646900 -35.427541 23.71 0.160 22.17 0.019 21.38 0.011 21.15 0.018 19.81 0.082 18.93 0.172  27.6
54.715268 -35.459661 23.29 0.109 22.18 0.015 21.56 0.020 21.27 0.035 20.16 0.105 19.59 0.317  32.5
54.706003 -35.485437 23.34 0.113 22.18 0.015 21.66 0.020 21.28 0.035 20.12 0.103 19.45 0.277  26.2
54.216982 -35.546053 23.49 0.130 22.19 0.039 21.52 0.027 21.23 0.026 19.84 0.085 19.20 0.221  19.7
54.639117 -35.329768 23.69 0.157 22.19 0.012 21.48 0.018 21.11 0.017 19.73 0.078 18.93 0.173  31.1
54.617838 -35.652983 23.36 0.116 22.19 0.033 21.51 0.017 21.15 0.023 19.88 0.087 19.43 0.272  38.3
54.555399 -35.364614 24.02 0.211 22.19 0.012 21.42 0.018 21.03 0.016 19.39 0.062 18.65 0.133   3.5
54.379296 -35.481043 23.85 0.180 22.19 0.023 21.43 0.020 21.04 0.016 19.63 0.073 18.90 0.166  33.2
54.379296 -35.481043 23.85 0.180 22.19 0.023 21.43 0.020 21.04 0.016 19.63 0.073 18.90 0.166  33.2
54.258207 -35.191951 22.89 0.077 22.19 0.019 21.53 0.062 21.48 0.033 19.97 0.106 19.72 0.355  34.9
54.690877 -35.574094 22.64 0.060 22.20 0.020 21.05 0.009 20.62 0.012 18.92 0.046 17.42 0.043  92.1
54.563653 -35.425062 23.34 0.114 22.20 0.020 21.52 0.012 21.37 0.022 20.27 0.115 19.34 0.253  18.4
54.613674 -35.568951 23.53 0.135 22.20 0.020 21.43 0.012 21.10 0.018 19.76 0.079 18.88 0.165  26.1
54.683290 -35.473444 23.46 0.127 22.20 0.020 21.69 0.014 21.22 0.020 20.27 0.116 19.38 0.261  54.4
54.665686 -35.589664 23.77 0.168 22.20 0.020 21.56 0.013 21.22 0.019 19.97 0.092 19.15 0.212  34.6
54.676743 -35.482784 24.00 0.207 22.20 0.020 21.64 0.014 21.26 0.020 19.98 0.093 19.29 0.240  20.9
54.705585 -35.556746 23.98 0.203 22.20 0.016 21.36 0.019 20.82 0.032 19.24 0.056 18.11 0.080  36.1
54.362865 -35.590626 23.24 0.104 22.21 0.023 21.70 0.022 21.41 0.023 20.35 0.123 19.47 0.283  34.7
54.697254 -35.413937 23.72 0.161 22.21 0.020 21.38 0.011 21.04 0.017 19.51 0.067 18.57 0.123  34.2
54.513240 -35.368793 23.63 0.148 22.23 0.012 21.63 0.019 21.40 0.022 20.35 0.122 19.07 0.197  23.8
54.574603 -35.483720 23.90 0.189 22.24 0.020 21.41 0.012 21.07 0.017 19.48 0.065 18.67 0.135  36.5
54.613274 -35.466384 23.63 0.148 22.24 0.020 21.60 0.013 21.38 0.022 19.97 0.092 19.00 0.185  15.2
54.916016 -35.531558 23.47 0.128 22.24 0.046 21.58 0.013 21.12 0.032 19.66 0.075 19.15 0.212  30.8
54.747506 -35.358253 23.19 0.100 22.24 0.016 21.58 0.020 21.28 0.039 20.26 0.115 19.45 0.279  22.3
54.675318 -35.438516 24.01 0.209 22.25 0.020 21.56 0.013 21.17 0.019 19.66 0.074 18.94 0.174  18.6
54.373556 -35.470143 23.24 0.104 22.25 0.023 21.78 0.022 21.47 0.024 20.41 0.129 19.62 0.325  42.8
54.659335 -35.411979 23.54 0.137 22.25 0.020 21.62 0.013 21.42 0.023 20.22 0.111 19.21 0.222  38.4
54.405510 -35.286993 23.27 0.107 22.25 0.014 21.57 0.026 21.46 0.024 20.12 0.104 19.46 0.281  73.1
54.439661 -35.444878 23.99 0.206 22.25 0.023 21.49 0.020 21.15 0.018 19.76 0.080 18.92 0.171  25.2
54.439661 -35.444878 23.99 0.206 22.25 0.023 21.49 0.020 21.15 0.018 19.76 0.080 18.92 0.171  25.2
54.166234 -35.514029 23.34 0.114 22.25 0.040 21.47 0.026 21.22 0.025 19.94 0.091 19.30 0.242  40.0
54.631538 -35.495411 23.41 0.121 22.26 0.020 21.78 0.015 21.38 0.022 20.15 0.105 19.26 0.233  30.7
54.364761 -35.090908 23.32 0.113 22.26 0.013 21.60 0.080 21.34 0.027 19.91 0.109 19.67 0.339  15.9
54.840254 -35.529570 23.70 0.157 22.26 0.016 21.68 0.020 21.37 0.036 20.47 0.134 20.50 0.735  30.5
54.839725 -35.392130 23.89 0.188 22.27 0.016 21.66 0.020 21.15 0.038 20.01 0.095 18.82 0.157  31.3
54.618019 -35.570145 23.66 0.152 22.27 0.020 21.66 0.014 21.33 0.021 20.25 0.114 19.55 0.307  43.3
54.527671 -35.403978 23.71 0.159 22.27 0.020 21.67 0.014 21.49 0.024 20.73 0.164 20.24 0.575  47.4
54.979076 -35.130301 24.28 0.271 22.27 0.032 21.65 0.089 21.16 0.044 19.25 0.123 18.40 0.106  87.5
54.504298 -35.506969 23.67 0.153 22.28 0.020 21.61 0.013 21.34 0.022 20.10 0.102 19.23 0.227  41.7
54.768132 -35.463435 23.38 0.117 22.28 0.016 21.77 0.021 21.50 0.038 20.18 0.107 19.48 0.287  29.5
54.004404 -35.439495 23.20 0.102 22.28 0.020 21.67 0.024 21.35 0.029 19.87 0.087 19.25 0.344 116.0
54.796975 -35.517520 23.80 0.172 22.29 0.016 21.70 0.021 21.31 0.036 20.11 0.102 19.27 0.235  26.1
54.200882 -35.602233 23.67 0.155 22.29 0.041 21.66 0.037 21.32 0.026 20.03 0.098 19.56 0.307  27.6
54.677305 -35.436838 23.77 0.169 22.29 0.020 21.51 0.012 21.14 0.018 19.48 0.065 18.87 0.163  27.9
54.600230 -35.482463 23.20 0.100 22.30 0.020 21.83 0.016 21.52 0.025 20.18 0.108 19.79 0.380  37.7
54.306282 -35.204323 23.28 0.108 22.30 0.014 21.69 0.026 21.54 0.025 20.17 0.108 19.56 0.308  33.8
55.036039 -35.158133 23.47 0.130 22.30 0.033 21.80 0.089 21.46 0.047 19.09 0.120 19.51 0.294  41.7
54.620266 -35.416770 23.56 0.139 22.30 0.020 21.42 0.012 21.15 0.018 19.87 0.085 18.89 0.166  45.6
55.102947 -35.587089 23.42 0.121 22.31 0.024 21.79 0.014 21.36 0.026 20.38 0.123 19.82 0.391  31.1
54.139827 -35.534864 23.35 0.115 22.31 0.040 21.57 0.027 21.52 0.030 20.16 0.108 19.22 0.224  34.6
54.251927 -35.314348 23.64 0.149 22.31 0.031 21.69 0.038 21.50 0.031 20.25 0.115 19.42 0.270  34.3
54.650487 -35.536631 22.84 0.073 22.31 0.020 21.27 0.011 21.01 0.016 19.24 0.056 17.94 0.069  91.7
54.565391 -35.433433 23.90 0.190 22.31 0.020 21.46 0.012 21.12 0.018 19.45 0.064 18.43 0.108  30.3
54.656039 -35.385754 24.44 0.310 22.31 0.013 21.56 0.019 21.07 0.016 19.73 0.078 18.48 0.114  23.8
54.565082 -35.520081 23.92 0.192 22.32 0.020 21.43 0.012 21.17 0.019 19.43 0.063 18.46 0.112  40.9
54.672393 -35.481478 23.68 0.155 22.32 0.020 21.74 0.015 21.43 0.023 19.99 0.093 19.32 0.248  37.6
54.625763 -35.418812 24.17 0.243 22.33 0.020 21.40 0.011 21.05 0.017 19.27 0.057 18.53 0.119  29.7
54.809261 -35.496403 24.28 0.266 22.33 0.017 21.59 0.020 21.15 0.034 19.62 0.072 18.64 0.132  26.7
54.674158 -35.384715 24.71 0.398 22.33 0.013 21.58 0.019 21.07 0.016 19.47 0.065 18.64 0.132  68.8
54.799307 -35.256350 23.28 0.108 22.33 0.016 21.77 0.021 21.53 0.042 20.27 0.116 19.69 0.347  39.0
54.330348 -35.587505 23.58 0.142 22.33 0.024 21.70 0.022 21.43 0.023 20.02 0.097 19.45 0.278  38.3
54.571929 -35.508864 23.98 0.202 22.33 0.021 21.51 0.012 21.26 0.020 19.97 0.092 19.56 0.306  59.9
54.545833 -35.393924 24.03 0.214 22.33 0.013 21.52 0.019 21.18 0.018 19.56 0.069 18.76 0.147  18.0
54.653034 -35.459344 24.06 0.218 22.33 0.021 21.61 0.013 21.27 0.020 19.99 0.094 19.17 0.214  38.8
54.550229 -35.219176 23.70 0.158 22.33 0.013 21.75 0.020 21.54 0.025 20.51 0.138 19.87 0.408  43.6
54.970799 -35.536744 23.78 0.169 22.33 0.047 21.73 0.014 21.41 0.036 20.25 0.113 19.45 0.279  28.2
54.293108 -35.212930 23.34 0.114 22.34 0.031 21.72 0.039 21.63 0.034 20.20 0.111 19.58 0.311  29.8
54.999687 -35.442107 24.48 0.318 22.34 0.047 21.80 0.015 21.45 0.037 20.07 0.099 19.72 0.358  18.1
54.148808 -35.235840 23.49 0.130 22.35 0.031 21.51 0.038 21.14 0.027 19.91 0.090 19.05 0.192  40.2
55.040495 -35.603024 23.77 0.167 22.35 0.048 21.76 0.015 21.38 0.044 20.38 0.124 19.32 0.247  38.1
55.560420 -35.383330 23.72 0.117 22.35 0.017 21.83 0.020 21.47 0.036 20.52 0.140 20.66 1.563  17.3
54.326231 -35.212386 23.16 0.097 22.35 0.015 21.81 0.027 21.69 0.029 20.35 0.123 19.24 0.229  20.9
54.527053 -35.517100 23.55 0.137 22.35 0.021 21.66 0.014 21.37 0.022 19.88 0.086 19.38 0.262  40.5
54.742844 -35.503631 23.94 0.197 22.35 0.017 21.67 0.020 21.23 0.035 20.12 0.103 18.85 0.160  28.6
54.542522 -35.532911 24.09 0.224 22.36 0.021 21.44 0.012 21.15 0.018 19.55 0.069 18.44 0.109  23.1
54.606931 -35.318257 23.84 0.180 22.36 0.014 21.68 0.020 21.40 0.022 19.83 0.083 19.02 0.188  28.1
54.719392 -35.342244 24.09 0.225 22.36 0.017 21.55 0.019 21.17 0.038 19.78 0.081 18.73 0.144  14.8
54.577652 -35.601601 24.04 0.216 22.37 0.033 21.47 0.017 21.17 0.023 19.90 0.088 18.96 0.177  43.5
54.055984 -34.943784 23.69 0.159 22.37 0.015 21.90 0.050 21.66 0.026 20.15 0.126 19.11 0.203  19.5
54.577200 -35.367580 25.01 0.526 22.38 0.014 21.52 0.019 21.16 0.018 19.56 0.069 18.84 0.158  32.3
54.673286 -35.527029 23.50 0.131 22.38 0.021 21.82 0.016 21.52 0.025 20.54 0.142 19.29 0.239  34.7
54.582540 -35.462443 23.64 0.150 22.38 0.021 21.70 0.014 21.57 0.026 20.37 0.124 19.25 0.231  37.4
55.577958 -35.377822 23.72 0.117 22.38 0.017 21.70 0.019 21.43 0.035 20.16 0.107 19.38 0.480  17.2
54.793689 -35.524305 23.75 0.165 22.38 0.017 21.74 0.021 21.36 0.036 20.09 0.101 19.14 0.208  24.1
54.574142 -35.594566 23.55 0.138 22.38 0.021 21.54 0.013 21.21 0.019 19.74 0.078 19.09 0.201  33.3
54.242556 -35.533716 23.86 0.182 22.39 0.040 21.58 0.027 21.22 0.025 19.60 0.072 18.88 0.164  29.5
54.404887 -35.531092 23.54 0.136 22.39 0.024 21.80 0.022 21.57 0.026 20.46 0.134 20.17 0.537  41.5
54.404887 -35.531092 23.54 0.136 22.39 0.024 21.80 0.022 21.57 0.026 20.46 0.134 20.17 0.537  41.5
54.566005 -35.449275 23.60 0.145 22.39 0.021 21.58 0.013 21.31 0.021 19.74 0.078 19.24 0.230  42.8
54.654089 -35.361555 23.63 0.148 22.39 0.014 21.84 0.021 21.50 0.024 20.16 0.107 19.61 0.322  29.5
54.557844 -35.569049 23.77 0.167 22.39 0.021 21.66 0.014 21.49 0.024 20.10 0.101 19.58 0.313  47.0
54.499816 -35.441197 23.55 0.137 22.40 0.024 21.80 0.022 21.57 0.026 20.33 0.122 19.99 0.458  54.2
54.602703 -35.439583 23.94 0.196 22.40 0.021 21.67 0.014 21.36 0.022 19.96 0.092 19.39 0.263  35.1
54.221616 -35.504081 23.95 0.197 22.40 0.040 21.65 0.027 21.22 0.025 20.04 0.098 19.19 0.218  15.3
54.688933 -35.623323 24.20 0.250 22.40 0.033 21.56 0.017 21.02 0.021 19.50 0.066 18.34 0.100  32.0
54.916684 -35.312979 23.58 0.141 22.40 0.038 21.70 0.013 21.26 0.033 19.91 0.089 19.29 0.240  25.3
54.517884 -35.483599 23.74 0.163 22.40 0.021 21.71 0.014 21.30 0.021 20.01 0.095 19.00 0.185  36.7
54.630876 -35.501661 23.63 0.148 22.40 0.021 21.83 0.016 21.48 0.024 20.47 0.135 19.54 0.303  27.8
54.462558 -35.576492 23.78 0.170 22.42 0.025 21.89 0.023 21.59 0.026 20.60 0.149 20.44 0.693  27.5
54.657103 -35.433752 24.01 0.209 22.42 0.021 21.70 0.014 21.37 0.022 19.74 0.078 19.17 0.215  28.7
54.862042 -35.597701 23.67 0.154 22.42 0.017 21.73 0.021 21.46 0.038 20.01 0.095 19.60 0.319  33.7
54.695839 -35.347361 23.85 0.182 22.43 0.015 21.85 0.021 21.59 0.026 20.63 0.152 19.88 0.415  45.7
54.683188 -35.505499 23.61 0.146 22.43 0.021 21.89 0.016 21.57 0.026 20.42 0.129 19.82 0.392  45.7
54.510241 -35.688499 23.59 0.143 22.43 0.034 21.80 0.019 21.52 0.029 20.52 0.140 19.49 0.287  23.1
54.675836 -35.431949 23.81 0.174 22.44 0.021 21.78 0.015 21.41 0.023 20.44 0.132 19.76 0.372  38.4
54.320412 -35.505905 23.42 0.123 22.44 0.025 21.81 0.022 21.59 0.026 20.41 0.129 19.55 0.304  37.3
54.664180 -35.612379 23.85 0.182 22.45 0.034 21.82 0.019 21.40 0.027 20.05 0.098 19.53 0.298  38.3
55.055095 -35.807063 24.90 0.464 22.45 0.021 21.77 0.016 21.37 0.036 20.05 0.097 19.13 0.207  23.3
54.569411 -35.475101 24.15 0.238 22.45 0.021 21.64 0.014 21.29 0.021 19.76 0.079 19.50 0.292  46.3
54.770182 -35.501365 24.05 0.216 22.45 0.018 21.88 0.022 21.43 0.037 20.10 0.101 19.54 0.302  35.4
54.662105 -35.525664 23.46 0.126 22.45 0.022 21.92 0.017 21.55 0.026 20.22 0.110 19.66 0.339  51.5
54.550274 -35.426928 23.87 0.184 22.46 0.022 21.66 0.014 21.37 0.022 20.16 0.106 19.39 0.264  36.5
54.550274 -35.426928 23.87 0.184 22.46 0.022 21.66 0.014 21.37 0.022 20.16 0.106 19.39 0.264  36.5
54.636908 -35.506298 23.98 0.204 22.47 0.022 21.89 0.016 21.64 0.028 20.50 0.137 20.54 0.759  33.5
54.702575 -35.503550 23.99 0.204 22.47 0.018 21.85 0.022 21.43 0.037 20.05 0.098 19.31 0.245  23.7
54.595267 -35.406481 23.83 0.178 22.47 0.022 21.82 0.016 21.66 0.028 20.40 0.128 19.96 0.445  34.8
54.842003 -35.216557 23.75 0.165 22.48 0.018 21.91 0.022 21.62 0.044 20.76 0.169 19.81 0.388  35.4
54.688532 -35.825224 23.63 0.148 22.48 0.035 21.98 0.035 21.69 0.038 20.32 0.120 19.44 0.275  27.0
54.710102 -35.482615 23.51 0.132 22.48 0.018 22.03 0.024 21.65 0.041 20.25 0.114 19.99 0.458  34.8
54.606330 -35.379064 22.61 0.059 22.49 0.015 22.08 0.024 21.72 0.029 19.85 0.085 18.74 0.144  32.6
54.200994 -34.967683 23.75 0.135 22.49 0.015 21.92 0.050 21.49 0.030 20.24 0.138 19.26 0.514  31.3
54.696123 -35.315116 23.57 0.141 22.49 0.015 21.94 0.022 21.74 0.030 20.59 0.147 19.44 0.276  46.7
54.483210 -35.548294 24.71 0.395 22.50 0.025 21.52 0.021 21.08 0.017 19.21 0.056 18.27 0.093  50.7
54.483210 -35.548294 24.71 0.395 22.50 0.025 21.52 0.021 21.08 0.017 19.21 0.056 18.27 0.093  50.7
55.143116 -35.370021 23.73 0.125 22.50 0.025 21.88 0.017 21.57 0.030 20.56 0.142 19.41 0.266  11.1
54.576684 -35.526069 24.09 0.226 22.50 0.022 21.81 0.015 21.68 0.029 20.54 0.142 19.83 0.396  34.8
55.170312 -35.208451 22.69 0.066 22.51 0.025 22.34 0.023 21.94 0.041 21.05 0.209 18.82 0.155  28.8
54.399765 -35.517395 23.72 0.161 22.52 0.025 21.73 0.022 21.34 0.021 19.92 0.090 18.56 0.123  33.9
54.660269 -35.397346 23.62 0.147 22.52 0.016 21.77 0.020 21.32 0.021 19.46 0.065 18.06 0.077  47.6
55.022102 -35.365856 24.24 0.259 22.53 0.039 21.92 0.016 21.57 0.038 20.30 0.118 19.68 0.345  21.5
54.863723 -35.267314 23.96 0.200 22.53 0.019 21.92 0.022 21.59 0.043 20.21 0.111 19.53 0.299  34.9
54.599832 -35.493752 23.80 0.173 22.53 0.022 21.81 0.015 21.46 0.024 20.04 0.097 19.34 0.251  35.8
54.710806 -35.408077 23.88 0.186 22.53 0.019 21.86 0.022 21.56 0.039 20.25 0.113 19.47 0.283  40.8
54.687307 -35.503652 24.37 0.289 22.53 0.022 21.85 0.016 21.38 0.022 19.96 0.091 19.07 0.196  32.4
55.063103 -35.682210 24.31 0.273 22.54 0.049 21.87 0.016 21.48 0.046 20.41 0.127 19.36 0.257  16.8
54.601081 -35.425642 23.36 0.116 22.55 0.023 21.91 0.017 21.66 0.028 20.38 0.125 20.50 0.731  53.2
54.718002 -35.524873 23.96 0.199 22.56 0.019 21.98 0.023 21.77 0.043 20.35 0.123 19.64 0.331  40.0
54.827992 -35.881816 24.02 0.149 22.56 0.029 22.05 0.029 21.63 0.044 20.40 0.127 19.89 0.416  31.5
54.558793 -35.437770 23.18 0.098 22.57 0.023 21.41 0.012 21.09 0.017 19.65 0.074 18.16 0.084  78.3
54.491929 -35.533360 23.94 0.197 22.58 0.026 21.96 0.024 21.65 0.028 20.17 0.108 19.81 0.389  54.0
54.596700 -35.424851 24.22 0.254 22.59 0.023 21.61 0.013 21.28 0.020 19.40 0.062 18.48 0.113  55.0
54.562110 -35.439327 23.87 0.184 22.60 0.023 21.82 0.016 21.64 0.028 20.25 0.113 19.58 0.314  46.0
54.536557 -35.487111 23.94 0.196 22.60 0.023 21.91 0.017 21.52 0.025 19.85 0.084 18.88 0.165  33.2
54.894523 -35.374311 23.55 0.138 22.61 0.019 22.02 0.023 21.67 0.045 20.55 0.143 20.02 0.471  34.8
54.777008 -35.509605 23.78 0.169 22.61 0.020 22.03 0.024 21.62 0.040 20.53 0.141 19.87 0.410  27.0
54.668974 -35.490039 24.22 0.253 22.61 0.023 21.94 0.017 21.55 0.026 20.12 0.102 19.40 0.266  32.5
54.100651 -35.152346 23.78 0.172 22.61 0.021 21.70 0.062 21.52 0.031 20.03 0.110 18.96 0.177  54.9
54.742011 -35.441099 24.05 0.216 22.62 0.020 21.92 0.022 21.57 0.039 20.37 0.124 19.05 0.192  41.2
54.844280 -35.569703 24.43 0.307 22.62 0.020 21.82 0.022 21.35 0.036 19.95 0.091 19.09 0.200  30.5
54.631858 -35.409180 24.10 0.228 22.62 0.023 21.87 0.016 21.52 0.025 20.14 0.105 19.13 0.206  43.2
54.551041 -35.334361 24.19 0.246 22.62 0.017 21.82 0.021 21.50 0.024 19.68 0.075 19.61 0.322  26.3
54.589778 -35.335616 24.15 0.239 22.62 0.017 21.86 0.021 21.53 0.025 20.02 0.096 19.88 0.413  21.7
54.145434 -35.503363 23.98 0.202 22.63 0.041 21.83 0.028 21.60 0.032 20.23 0.113 19.14 0.208  40.3
54.550845 -35.440914 24.14 0.235 22.63 0.023 21.85 0.016 21.55 0.026 20.02 0.096 19.46 0.280  41.9
54.495850 -35.548920 23.53 0.136 22.64 0.026 21.93 0.023 21.73 0.030 20.19 0.109 20.91 1.060  40.8
54.495850 -35.548920 23.53 0.136 22.64 0.026 21.93 0.023 21.73 0.030 20.19 0.109 20.91 1.060  40.8
54.681978 -35.528018 24.16 0.239 22.64 0.023 22.06 0.019 21.72 0.030 20.34 0.121 19.87 0.412  43.3
54.667742 -35.485468 24.07 0.220 22.65 0.024 21.84 0.016 21.41 0.023 19.56 0.069 18.36 0.102  38.7
54.662196 -35.482259 23.68 0.155 22.65 0.024 22.13 0.020 21.88 0.035 20.69 0.159 20.00 0.462  40.1
54.660267 -35.437105 24.14 0.236 22.65 0.024 22.00 0.018 21.78 0.031 20.96 0.196 19.41 0.267  57.5
54.532716 -35.406527 23.65 0.150 22.66 0.024 22.02 0.018 21.75 0.031 20.49 0.136 19.22 0.226  29.2
54.651718 -35.489486 24.41 0.301 22.67 0.024 21.92 0.017 21.59 0.027 20.16 0.106 19.14 0.210  33.1
54.842868 -35.296542 24.27 0.266 22.67 0.020 22.04 0.023 21.63 0.044 20.59 0.147 20.04 0.482  47.3
54.667605 -35.352480 23.75 0.165 22.68 0.018 22.03 0.023 21.73 0.030 20.31 0.119 19.42 0.272  55.0
54.451179 -35.388264 24.64 0.371 22.68 0.019 22.02 0.029 21.71 0.029 20.28 0.117 19.87 0.409  46.4
54.471278 -35.455712 23.98 0.204 22.69 0.027 22.04 0.025 21.88 0.034 20.78 0.172 19.72 0.355  40.8
54.471278 -35.455712 23.98 0.204 22.69 0.027 22.04 0.025 21.88 0.034 20.78 0.172 19.72 0.355  40.8
54.440243 -35.327253 24.38 0.292 22.69 0.019 21.99 0.028 21.63 0.027 20.47 0.135 19.45 0.277  20.8
54.641630 -35.479104 23.89 0.187 22.69 0.024 22.11 0.020 21.89 0.035 20.72 0.163 19.30 0.243  27.3
54.553572 -35.546478 24.11 0.228 22.70 0.024 21.83 0.016 21.50 0.025 19.80 0.082 19.46 0.283  35.7
54.478008 -35.573431 24.19 0.247 22.70 0.027 21.88 0.023 21.46 0.024 20.00 0.095 18.92 0.170  67.4
54.605382 -35.390357 24.25 0.261 22.70 0.018 21.98 0.022 21.66 0.028 20.12 0.103 19.24 0.229  42.6
54.370970 -35.544417 23.86 0.183 22.71 0.027 22.08 0.025 21.92 0.035 20.90 0.189 19.70 0.348  46.6
54.497175 -35.393765 24.10 0.227 22.72 0.020 21.92 0.028 21.65 0.028 20.26 0.116 19.45 0.277  15.9
54.721472 -35.517047 24.20 0.247 22.73 0.021 22.13 0.025 21.82 0.044 20.45 0.132 19.75 0.369  41.1
54.590722 -35.564041 24.81 0.433 22.74 0.025 21.79 0.015 21.40 0.023 19.82 0.083 19.41 0.266  34.4
54.590722 -35.564041 24.81 0.433 22.74 0.025 21.79 0.015 21.40 0.023 19.82 0.083 19.41 0.266  34.4
54.658709 -35.557476 24.15 0.237 22.74 0.025 22.11 0.020 21.82 0.033 20.55 0.142 19.59 0.316  50.0
54.658709 -35.557476 24.15 0.237 22.74 0.025 22.11 0.020 21.82 0.033 20.55 0.142 19.59 0.316  50.0
54.539276 -35.414058 24.19 0.246 22.75 0.025 22.10 0.019 21.92 0.036 20.56 0.143 19.89 0.415  35.5
54.539276 -35.414058 24.19 0.246 22.75 0.025 22.10 0.019 21.92 0.036 20.56 0.143 19.89 0.415  35.5
54.494690 -35.591518 23.93 0.194 22.75 0.028 22.02 0.024 21.75 0.030 20.78 0.172 19.57 0.310  59.1
54.626018 -35.510872 24.58 0.352 22.75 0.025 22.02 0.018 21.66 0.028 19.86 0.085 19.04 0.189  31.9
54.356884 -35.171564 24.62 0.368 22.76 0.020 22.18 0.082 21.86 0.038 20.54 0.160 19.50 0.289  58.3
54.797298 -35.912612 23.90 0.134 22.77 0.029 22.10 0.029 21.70 0.045 20.43 0.129 19.12 0.206  36.1
54.599573 -35.370025 24.49 0.326 22.80 0.020 21.98 0.022 21.53 0.025 19.87 0.085 19.21 0.223  43.8
54.693743 -35.513390 23.87 0.183 22.81 0.026 22.28 0.023 22.07 0.041 20.86 0.181 19.37 0.258  39.2
54.598133 -35.387713 24.89 0.468 22.81 0.020 22.07 0.023 21.67 0.028 19.96 0.092 19.17 0.216  40.8
54.418732 -35.623303 23.82 0.177 22.83 0.028 22.17 0.024 21.88 0.038 21.12 0.228 19.87 0.408  36.9
54.323680 -35.342851 25.07 0.554 22.83 0.022 22.07 0.029 21.71 0.030 20.24 0.114 19.72 0.356  42.8
54.405089 -35.477312 24.14 0.236 22.84 0.029 22.20 0.026 22.06 0.040 21.03 0.211 19.50 0.289  49.1
54.582909 -35.682846 24.04 0.216 22.84 0.036 22.21 0.024 21.99 0.041 20.57 0.145 19.69 0.346  25.1
54.493119 -35.492946 24.15 0.239 22.84 0.029 21.74 0.022 21.07 0.017 19.35 0.061 18.68 0.135  80.5
54.493119 -35.492946 24.15 0.239 22.84 0.029 21.74 0.022 21.07 0.017 19.35 0.061 18.68 0.135  80.5
54.230191 -35.482579 24.69 0.387 22.84 0.043 22.03 0.030 21.61 0.032 20.06 0.100 19.22 0.224  48.8
54.394012 -35.352570 23.94 0.197 22.84 0.022 22.35 0.032 22.11 0.042 20.62 0.152 19.89 0.416  33.0
54.947798 -35.257197 23.93 0.195 22.86 0.041 22.29 0.022 22.01 0.049 20.50 0.136 19.97 0.451  47.0
54.559056 -35.562583 24.36 0.286 22.88 0.027 22.02 0.018 21.71 0.030 20.17 0.107 19.54 0.303  69.2
54.729106 -35.537670 23.83 0.177 22.88 0.024 22.31 0.027 22.06 0.051 20.39 0.126 19.63 0.329  74.0
54.549394 -35.379644 24.83 0.443 22.90 0.022 22.17 0.025 21.87 0.034 20.24 0.113 19.70 0.352  20.2
54.745227 -35.418291 24.07 0.220 22.94 0.025 22.26 0.027 22.00 0.049 21.08 0.219 19.74 0.363  53.2
54.582194 -35.833051 24.15 0.238 22.94 0.038 22.33 0.038 22.02 0.046 20.83 0.177 20.22 0.566  21.4
54.510510 -35.417636 23.82 0.176 22.94 0.028 22.20 0.021 22.07 0.041 20.76 0.167 20.46 0.703  68.6
54.510510 -35.417636 23.82 0.176 22.94 0.028 22.20 0.021 22.07 0.041 20.76 0.167 20.46 0.703  68.6
54.570567 -35.636780 23.98 0.203 22.95 0.038 22.28 0.025 21.91 0.038 20.47 0.134 19.47 0.282  44.0
54.629085 -35.410715 24.40 0.297 22.98 0.028 22.11 0.020 21.91 0.035 20.27 0.115 19.96 0.444  30.7
54.660142 -35.433996 24.58 0.352 23.01 0.029 22.18 0.021 21.78 0.031 20.10 0.101 19.48 0.286  49.8
54.732779 -35.416591 24.19 0.246 23.01 0.026 22.34 0.028 22.07 0.051 21.02 0.207 19.72 0.356  48.8
54.571113 -35.467944 24.13 0.233 23.02 0.029 22.44 0.026 22.23 0.047 20.95 0.197 20.20 0.557  57.0
54.591983 -35.420003 24.45 0.313 23.03 0.029 22.09 0.019 21.84 0.033 20.15 0.105 19.79 0.383  38.0
54.366325 -35.561433 24.24 0.258 23.04 0.032 22.37 0.029 22.11 0.042 20.98 0.203 20.09 0.499  50.5
54.571358 -35.570995 24.47 0.319 23.04 0.029 22.18 0.021 21.84 0.033 20.34 0.121 19.51 0.294  68.0
54.450452 -35.369945 24.16 0.239 23.04 0.026 22.44 0.034 22.12 0.043 20.73 0.166 19.53 0.299  64.7
54.447122 -35.305591 24.26 0.263 23.05 0.026 22.24 0.031 21.85 0.033 20.15 0.106 19.13 0.207  35.6
54.394523 -35.483295 24.50 0.328 23.05 0.032 22.22 0.027 21.85 0.033 20.19 0.110 19.24 0.228  36.8
54.784606 -35.511390 25.29 0.675 23.05 0.027 22.27 0.027 21.76 0.043 20.29 0.117 19.04 0.190  39.0
54.536901 -35.463681 24.82 0.439 23.08 0.030 22.22 0.021 21.87 0.034 20.61 0.150 19.32 0.248  46.6
54.511743 -35.490530 24.45 0.313 23.09 0.030 22.30 0.023 22.04 0.040 20.34 0.122 19.55 0.305  61.3
54.566766 -35.493410 24.34 0.283 23.09 0.030 22.21 0.021 21.95 0.037 20.58 0.146 19.68 0.344  47.6
54.520376 -35.519432 25.29 0.673 23.12 0.031 22.32 0.023 21.95 0.037 20.38 0.125 19.59 0.317  50.3
54.532181 -35.631083 24.39 0.295 23.16 0.040 22.41 0.027 22.06 0.044 21.88 0.428 20.08 0.498  51.0
54.569713 -35.562543 24.75 0.409 23.16 0.032 22.30 0.023 21.94 0.036 20.21 0.109 19.23 0.227  48.5
54.663440 -35.533669 24.75 0.412 23.28 0.035 22.39 0.025 22.01 0.039 20.57 0.145 19.82 0.392  72.7
54.592532 -35.351157 24.97 0.503 23.36 0.033 22.59 0.032 22.38 0.054 20.97 0.199 19.66 0.338  44.6
54.519507 -35.390336 24.17 0.242 23.40 0.034 22.55 0.031 22.17 0.044 20.66 0.156 20.22 0.569  38.8
54.102303 -35.407778 24.43 0.290 23.43 0.048 22.52 0.035 22.32 0.054 20.56 0.146 19.24 0.228  56.6
54.092917 -34.958710 25.01 0.530 23.80 0.041 22.99 0.058 22.72 0.062 20.60 0.181 20.10 0.504  32.6
