FDS-UCD-1    54.348865 -33.620353 19.79 0.013 18.33 0.004 17.66 0.006 17.36 0.014 16.06 0.038 15.40 0.014 37.8 72  0 100  0
FDS-UCD-2    56.718646 -34.256718 19.92 0.006 18.65 0.009 18.17 0.012 17.85 0.012 16.58 0.025 15.82 0.014 22.3 49  0 100  0
FDS-UCD-3    57.068051 -34.367201 19.83 0.007 18.68 0.008 18.27 0.008 17.95 0.002 16.89 0.018 16.27 0.032 14.6 73 12  88  0
FDS-UCD-4    52.808658 -33.577032 20.18 0.017 18.98 0.019 18.38 0.004 18.14 0.002 17.24 0.184 16.37 0.043  8.5 64  9  91  0
FDS-UCD-5    56.007748 -33.136393 20.22 0.007 19.09 0.001 18.50 0.001 18.16 0.003 17.06 0.018 16.49 0.050  7.1 73  0 100  0
FDS-UCD-6    51.537812 -36.489112 20.64 0.012 19.32 0.005 18.64 0.002 18.32 0.006 16.93 0.015 16.12 0.024 34.3 70  0 100  0
FDS-UCD-7    55.645524 -34.054011 20.36 0.030 19.35 0.032 18.88 0.036 18.63 0.063 17.77 0.030 16.84 0.059 21.5 72  2  98  0
FDS-UCD-8    55.222447 -33.273505 20.64 0.083 19.47 0.037 18.90 0.053 18.59 0.020 17.45 0.022 16.88 0.056 15.1 64  0 100  0
FDS-UCD-9    53.455323 -37.434005 21.06 0.012 19.77 0.004 19.03 0.004 18.71 0.002 17.50 0.023 16.85 0.045 10.0 75  1  99  0
FDS-UCD-10   54.573536 -33.470016 21.25 0.025 19.78 0.004 18.97 0.003 18.74 0.004 17.36 0.092 16.44 0.038 20.5 24  0 100  0
FDS-UCD-11   54.493199 -33.626247 21.14 0.021 19.95 0.004 19.26 0.006 18.96 0.014 17.90 0.046 17.18 0.071 16.1 72  2  98  0
FDS-UCD-12   55.638268 -34.019056 21.07 0.032 19.95 0.032 19.46 0.036 19.13 0.063 18.25 0.039 17.48 0.107 18.2 73  0 100  0
FDS-UCD-13   56.685082 -34.081619 21.50 0.020 20.00 0.016 19.53 0.077 19.13 0.016 17.73 0.125 17.22 0.054 39.2 54  8  92  0
FDS-UCD-14   53.309927 -35.734814 21.36 0.020 20.01 0.005 19.22 0.020 19.03 0.023 17.79 0.025 17.17 0.051  9.9 75 12  88  0
FDS-UCD-15   54.306158 -33.962107 21.23 0.022 20.05 0.005 19.79 0.022 19.25 0.042 18.04 0.033 17.29 0.085 40.2 41  0 100  0
FDS-UCD-16   56.454921 -33.825799 21.46 0.059 20.06 0.010 19.54 0.062 19.17 0.036 17.73 0.031 17.14 0.091 13.5 13  0 100  0
FDS-UCD-17   52.534844 -36.783742 21.87 0.034 20.18 0.015 19.46 0.012 19.07 0.023 17.43 0.021 16.61 0.042 67.0 72  0 100  0
FDS-UCD-18   56.191043 -36.461453 21.50 0.039 20.20 0.014 19.60 0.024 19.33 0.025 18.26 0.036 17.53 0.083 15.0 72  4  96  0
FDS-UCD-19   53.172906 -33.289631 21.71 0.037 20.30 0.004 19.50 0.005 19.24 0.003 17.93 0.025 17.24 0.094 19.3 72  0 100  0
FDS-UCD-20   54.463232 -33.535604 21.37 0.026 20.30 0.002 19.67 0.003 19.44 0.005 18.23 0.087 17.59 0.103 12.1 15  0 100  0
FDS-UCD-21   53.055616 -35.470651 21.43 0.021 20.32 0.003 19.57 0.006 19.52 0.016 18.29 0.033 17.67 0.081 17.9 15 11  89  0
FDS-UCD-22   56.426431 -35.472012 21.55 0.018 20.32 0.051 19.48 0.099 19.11 0.136 17.97 0.028 17.19 0.062 45.4 72  0 100  0
FDS-UCD-23   51.954647 -34.329347 21.60 0.025 20.34 0.014 19.55 0.003 19.29 0.003 17.92 0.034 17.40 0.091 23.3 75  8  92  0
FDS-UCD-24   52.762085 -34.980302 21.55 0.026 20.38 0.006 19.74 0.029 19.51 0.009 18.23 0.037 17.55 0.105 23.6  8  0 100  0
FDS-UCD-25   53.260952 -33.381713 21.72 0.037 20.39 0.004 19.60 0.005 19.32 0.003 18.05 0.027 17.33 0.103  5.4 72  0 100  0
FDS-UCD-26   53.722367 -33.756435 21.85 0.037 20.48 0.003 19.86 0.011 19.59 0.010 18.28 0.035 17.45 0.117 16.1 45  0 100  0
FDS-UCD-27   52.315741 -34.910152 21.86 0.039 20.54 0.038 19.94 0.027 19.65 0.040 18.58 0.046 17.83 0.133 23.9 67  0 100  0
FDS-UCD-28   53.620197 -37.257490 21.55 0.017 20.56 0.006 20.01 0.003 19.80 0.004 18.75 0.048 18.05 0.131 21.4 72 13  87  0
FDS-UCD-29   55.957081 -36.594952 21.99 0.027 20.58 0.011 19.95 0.017 19.60 0.024 18.45 0.043 17.34 0.070  5.5 70  0 100  0
FDS-UCD-30   55.110071 -34.418309 22.10 0.035 20.63 0.010 19.92 0.005 19.63 0.010 18.37 0.043 17.71 0.125 15.3 72  5  95  0
FDS-UCD-31   52.582898 -35.903766 21.96 0.053 20.67 0.023 20.22 0.070 19.96 0.052 18.91 0.049 18.14 0.176 12.7 15  0 100  0
FDS-UCD-32   52.721722 -37.412807 22.08 0.027 20.73 0.014 19.96 0.040 19.67 0.036 18.60 0.038 17.60 0.102 12.5 40  0 100  0
FDS-UCD-33   55.496089 -36.416780 21.93 0.031 20.78 0.003 20.21 0.013 19.94 0.010 18.91 0.045 18.16 0.149 11.4 36  0 100  0
FDS-UCD-34   55.264735 -37.304678 22.20 0.027 20.80 0.013 20.21 0.008 19.85 0.028 18.46 0.037 17.65 0.087 45.9 70  0 100  0
FDS-UCD-35   55.098996 -36.752049 22.13 0.033 20.82 0.017 19.99 0.009 19.68 0.025 18.19 0.032 17.34 0.065 72.4 76  0 100  0
FDS-UCD-36   53.100339 -35.199096 22.00 0.035 20.84 0.054 20.00 0.012 19.84 0.034 18.54 0.087 17.85 0.099 21.1  0  0 100  0
FDS-UCD-37   53.042631 -35.075725 21.90 0.032 20.84 0.053 20.04 0.010 19.82 0.022 18.59 0.100 17.76 0.091 10.2 49  0 100  0
FDS-UCD-38   54.260122 -33.574978 22.12 0.039 20.85 0.010 20.14 0.004 19.78 0.003 18.65 0.085 17.74 0.120  8.1 17  0 100  0
FDS-UCD-39   56.298953 -35.445692 21.90 0.025 20.87 0.019 20.36 0.013 19.99 0.037 19.06 0.053 18.37 0.186 19.9 73  3  97  0
FDS-UCD-40   56.897209 -35.825162 22.33 0.042 20.91 0.012 20.34 0.024 19.90 0.108 18.57 0.038 17.52 0.062 54.0 76  0 100  0
FDS-UCD-41   53.256089 -36.026285 22.13 0.037 20.91 0.018 20.16 0.022 19.92 0.030 18.64 0.041 17.97 0.143 19.4 18  0 100  0
FDS-UCD-42   55.235179 -33.904410 22.43 0.058 20.91 0.019 20.64 0.052 19.89 0.041 18.83 0.053 17.86 0.143 12.8 61  0 100  0
FDS-UCD-43   53.259188 -35.735038 22.44 0.049 20.99 0.005 20.28 0.013 19.99 0.022 18.47 0.037 17.72 0.085 26.8 44  0 100  0
FDS-UCD-44   53.950830 -35.186377 21.92 0.034 20.99 0.028 20.20 0.028 20.03 0.015 18.63 0.054 18.18 0.128 29.0 57  8  92  0
