  1 NGVS J122623.21+121925.2 186.5966882 12.3236728 0.027 19.603|0.001 0.910|0.003 0.435|0.002 0.728|0.002 0.840|0.003 1.231|0.003  0.061 0
  2 NGVS J122628.69+125642.6 186.6195415 12.9451739 0.029 19.695|0.001 1.312|0.003 0.616|0.002 0.920|0.002 1.120|0.003 1.145|0.004  0.064 1
  3 NGVS J122633.05+123847.6 186.6377219 12.6465456 0.032 21.303|0.003 1.009|0.008 0.482|0.005 0.728|0.006 0.808|0.009 0.596|0.015  0.006 0
  4 NGVS J122636.42+125512.9 186.6517616 12.9202470 0.028 18.947|0.001 1.354|0.002 0.622|0.001 0.944|0.001 1.152|0.002 1.226|0.002  0.000 1
  5 NGVS J122638.52+123702.7 186.6604821 12.6174078 0.032 20.575|0.002 1.041|0.005 0.498|0.003 0.753|0.004 0.825|0.005 0.617|0.009 -0.004 1
  6 NGVS J122638.79+124545.8 186.6616360 12.7627110 0.030 20.520|0.002 1.029|0.005 0.498|0.003 0.750|0.004 0.886|0.005 0.632|0.007  0.010 1
  7 NGVS J122643.32+121743.9 186.6804595 12.2955414 0.027 20.750|0.002 0.985|0.007 0.517|0.003 0.723|0.004 0.907|0.007 0.490|0.012  0.079 0
  8 NGVS J122646.48+131732.2 186.6936696 13.2922923 0.027 21.395|0.003 0.936|0.008 0.467|0.005 0.727|0.006 0.788|0.009 1.203|0.013 -0.006 0
  9 NGVS J122647.07+122714.0 186.6961017 12.4538766 0.030 19.541|0.001 1.122|0.004 0.631|0.002 0.964|0.002 1.108|0.003 0.981|0.004  0.406 0
 10 NGVS J122649.87+115931.8 186.7077996 11.9921620 0.025 21.487|0.003 1.103|0.011 0.487|0.005 0.767|0.007 0.902|0.011 1.081|0.013  0.018 0
 11 NGVS J122656.56+123532.2 186.7356434 12.5922742 0.031 19.801|0.001 1.123|0.003 0.576|0.002 0.846|0.002 0.992|0.003 0.877|0.004  0.077 1
 12 NGVS J122708.43+132009.0 186.7850984 13.3358383 0.026 21.365|0.004 1.011|0.012 0.509|0.007 0.755|0.009 0.906|0.012 0.678|0.022  0.283 0
 13 NGVS J122726.54+131150.7 186.8605838 13.1974160 0.031 20.907|0.003 0.965|0.007 0.441|0.005 0.767|0.007 0.851|0.008 0.912|0.011  0.028 0
 14 NGVS J122727.19+125546.0 186.8632841 12.9294426 0.028 21.012|0.002 0.958|0.006 0.478|0.004 0.718|0.005 0.804|0.007 0.550|0.014 -0.027 1
 15 NGVS J122729.00+131903.4 186.8708425 13.3176108 0.026 21.322|0.003 1.112|0.009 0.547|0.005 0.883|0.006 1.047|0.008 1.296|0.011  0.097 0
 16 NGVS J122745.56+124356.4 186.9398394 12.7323291 0.029 21.526|0.003 1.080|0.010 0.501|0.005 0.744|0.007 0.850|0.010 0.692|0.015  0.010 0
 17 NGVS J122804.51+121507.6 187.0187896 12.2521076 0.027 21.378|0.005 1.017|0.017 0.469|0.009 0.751|0.010 0.764|0.019 1.201|0.012  0.071 0
 18 NGVS J122806.62+122436.4 187.0275966 12.4101100 0.028 20.941|0.002 1.022|0.007 0.521|0.004 0.721|0.005 0.828|0.008 0.629|0.009  0.018 0
 19 NGVS J122837.21+122845.6 187.1550495 12.4793425 0.024 21.014|0.002 1.045|0.007 0.530|0.004 0.747|0.005 0.885|0.007 0.680|0.014  0.014 1
 20 NGVS J122856.90+130220.5 187.2370664 13.0390265 0.022 21.342|0.004 0.953|0.010 0.514|0.006 0.725|0.008 0.855|0.012 0.588|0.016  0.084 1
 21 NGVS J122910.66+124304.1 187.2944290 12.7178146 0.022 20.883|0.002 1.127|0.008 0.632|0.004 0.818|0.004 0.918|0.008 0.883|0.007  0.005 1
 22 NGVS J122914.82+113622.4 187.3117572 11.6062340 0.034 21.220|0.003 0.893|0.008 0.404|0.005 0.723|0.006 0.918|0.009 1.372|0.007 -0.007 0
 23 NGVS J122914.87+115343.8 187.3119410 11.8955165 0.027 20.189|0.001 1.047|0.004 0.539|0.002 0.790|0.003 0.925|0.004 0.753|0.004  0.058 1
 24 NGVS J122925.49+121835.8 187.3562019 12.3099218 0.024 20.838|0.003 1.135|0.009 0.476|0.004 0.756|0.006 0.880|0.008 1.039|0.008  0.041 0
 25 NGVS J122936.29+113708.5 187.4011880 11.6190412 0.036 21.057|0.002 1.169|0.008 0.516|0.004 0.799|0.005 0.989|0.007 1.345|0.007  0.014 0
 26 NGVS J122937.04+130620.9 187.4043319 13.1058181 0.022 20.988|0.002 0.945|0.006 0.383|0.004 0.654|0.005 0.753|0.008 0.931|0.011  0.034 0
 27 NGVS J122937.93+114058.1 187.4080229 11.6828173 0.035 21.198|0.003 1.005|0.008 0.506|0.004 0.718|0.005 0.924|0.008 0.715|0.012  0.006 1
 28 NGVS J122940.39+122728.1 187.4182872 12.4577958 0.023 19.958|0.001 1.112|0.004 0.515|0.002 0.775|0.002 0.849|0.003 0.644|0.005  0.017 1
 29 NGVS J122941.32+123952.4 187.4221790 12.6645688 0.021 20.255|0.002 1.161|0.005 0.509|0.003 0.791|0.004 0.971|0.004 0.820|0.006  0.049 1
 30 NGVS J122941.56+124427.6 187.4231465 12.7410002 0.022 20.948|0.002 1.179|0.007 0.584|0.004 0.848|0.004 1.012|0.006 0.930|0.008 -0.020 1
 31 NGVS J122942.29+131727.6 187.4261812 13.2910772 0.026 19.680|0.001 1.633|0.004 0.764|0.002 1.068|0.002 1.287|0.002 1.732|0.003  0.235 0
 32 NGVS J122945.26+125100.9 187.4385733 12.8502553 0.020 20.508|0.002 1.095|0.005 0.537|0.003 0.768|0.003 0.894|0.005 0.794|0.008  0.007 1
 33 NGVS J122947.20+121717.8 187.4466393 12.2882768 0.025 19.679|0.001 1.033|0.004 0.443|0.002 0.725|0.002 0.834|0.003 1.236|0.003  0.180 0
 34 NGVS J122950.93+123653.2 187.4621952 12.6147895 0.021 21.429|0.004 1.063|0.010 0.460|0.006 0.696|0.008 0.851|0.011 0.636|0.017 -0.022 0
 35 NGVS J122952.28+123737.8 187.4678260 12.6271638 0.021 20.803|0.002 1.275|0.007 0.626|0.003 0.873|0.004 1.099|0.006 1.087|0.007  0.006 1
 36 NGVS J122952.41+123504.1 187.4683715 12.5844700 0.022 19.746|0.001 1.055|0.004 0.491|0.002 0.692|0.003 0.902|0.003 0.662|0.004  0.070 1
 37 NGVS J122954.98+123350.9 187.4790895 12.5641282 0.022 20.617|0.002 1.003|0.005 0.484|0.003 0.703|0.004 0.862|0.006 0.615|0.008  0.043 1
 38 NGVS J122956.35+131312.1 187.4847166 13.2200542 0.024 20.002|0.001 1.018|0.004 0.575|0.002 0.751|0.003 0.798|0.004 0.591|0.008  0.135 0
 39 NGVS J122957.12+123602.9 187.4880095 12.6008171 0.022 20.266|0.001 0.997|0.004 0.474|0.002 0.719|0.003 0.866|0.004 0.590|0.006 -0.021 1
 40 NGVS J123001.95+124226.9 187.5081185 12.7074667 0.022 19.865|0.001 0.937|0.005 0.487|0.002 0.713|0.003 0.750|0.004 0.533|0.005  0.038 1
 41 NGVS J123002.46+123633.8 187.5102296 12.6093775 0.022 20.208|0.001 1.125|0.005 0.528|0.002 0.790|0.003 0.956|0.004 0.842|0.005 -0.010 1
 42 NGVS J123004.05+120714.0 187.5168687 12.1205496 0.028 19.732|0.001 1.085|0.003 0.533|0.002 0.795|0.002 0.878|0.003 0.648|0.003  0.008 1
 43 NGVS J123006.06+123954.0 187.5252451 12.6649930 0.021 19.479|0.001 1.171|0.003 0.516|0.002 0.792|0.002 0.987|0.002 0.901|0.003 -0.017 1
 44 NGVS J123006.13+122435.3 187.5255256 12.4098184 0.026 20.594|0.002 1.208|0.006 0.544|0.003 0.849|0.003 0.944|0.005 0.910|0.006 -0.023 1
 45 NGVS J123007.57+123631.0 187.5315491 12.6086113 0.022 19.052|0.001 1.213|0.002 0.551|0.001 0.843|0.001 1.027|0.002 1.006|0.002  0.003 1
 46 NGVS J123009.82+123736.5 187.5409141 12.6267936 0.022 21.041|0.002 1.090|0.007 0.520|0.004 0.784|0.005 0.925|0.007 0.815|0.011 -0.025 1
 47 NGVS J123010.00+123604.7 187.5416814 12.6012962 0.022 21.497|0.003 1.062|0.010 0.491|0.006 0.741|0.007 0.911|0.010 0.690|0.018 -0.048 1
 48 NGVS J123010.89+121143.7 187.5453605 12.1954912 0.025 21.038|0.002 1.025|0.008 0.476|0.004 0.725|0.005 0.760|0.009 0.535|0.013  0.284 0
 49 NGVS J123011.07+124721.7 187.5461272 12.7893612 0.022 20.576|0.002 1.127|0.005 0.519|0.003 0.792|0.003 0.948|0.005 0.784|0.007  0.023 1
 50 NGVS J123014.74+120726.5 187.5614188 12.1240380 0.028 21.253|0.003 0.939|0.008 0.378|0.004 0.660|0.006 0.736|0.010 0.803|0.011 -0.019 0
 51 NGVS J123016.54+121556.8 187.5689170 12.2657885 0.023 20.037|0.001 1.015|0.005 0.431|0.003 0.735|0.003 0.899|0.004 0.632|0.004  0.081 1
 52 NGVS J123017.80+114447.4 187.5741725 11.7465080 0.033 19.136|0.001 1.474|0.004 0.765|0.001 0.988|0.002 1.255|0.002 1.594|0.001  0.146 0
 53 NGVS J123019.63+120924.6 187.5818070 12.1568307 0.027 21.079|0.002 1.065|0.007 0.492|0.004 0.705|0.004 0.818|0.006 0.527|0.009  0.004 1
 54 NGVS J123020.05+115518.7 187.5835090 11.9218754 0.030 19.343|0.001 1.099|0.003 0.582|0.001 0.814|0.002 0.999|0.002 0.842|0.003  0.120 1
 55 NGVS J123021.83+122402.4 187.5909557 12.4006720 0.023 19.932|0.001 1.404|0.004 0.626|0.002 0.958|0.002 1.175|0.002 1.296|0.002  0.024 1
 56 NGVS J123022.97+123148.7 187.5957005 12.5302086 0.022 19.753|0.001 1.079|0.003 0.521|0.002 0.767|0.002 0.863|0.003 0.706|0.005  0.099 1
 57 NGVS J123025.75+122621.1 187.6073036 12.4391949 0.022 20.461|0.001 1.079|0.005 0.516|0.002 0.756|0.003 0.883|0.004 0.727|0.005  0.004 1
 58 NGVS J123026.56+122044.6 187.6106637 12.3457239 0.023 20.376|0.001 1.089|0.005 0.593|0.002 0.750|0.003 0.875|0.004 0.699|0.004 -0.019 1
 59 NGVS J123026.89+122331.1 187.6120793 12.3919745 0.022 19.928|0.001 1.155|0.004 0.596|0.002 0.801|0.002 0.940|0.003 0.854|0.003  0.012 1
 60 NGVS J123029.91+123822.2 187.6246350 12.6394879 0.021 20.466|0.002 0.927|0.005 0.466|0.002 0.680|0.003 0.766|0.005 0.464|0.013  0.023 1
 61 NGVS J123030.86+121841.7 187.6285824 12.3115772 0.023 19.735|0.001 1.131|0.003 0.556|0.002 0.794|0.002 0.962|0.002 0.834|0.003  0.077 1
 62 NGVS J123031.44+125156.6 187.6310053 12.8657287 0.021 20.133|0.001 1.347|0.005 0.644|0.002 0.956|0.002 1.148|0.003 1.303|0.004  0.102 1
 63 NGVS J123031.53+122602.6 187.6313759 12.4340546 0.022 20.296|0.001 0.987|0.004 0.570|0.002 0.717|0.003 0.835|0.004 0.521|0.005  0.003 1
 64 NGVS J123033.43+122954.3 187.6392871 12.4984422 0.021 19.236|0.001 1.120|0.003 0.543|0.001 0.793|0.002 0.932|0.002 0.825|0.003  0.141 1
 65 NGVS J123034.12+122246.5 187.6421756 12.3795711 0.022 21.333|0.003 1.043|0.009 0.517|0.004 0.741|0.006 0.869|0.008 0.605|0.011 -0.017 1
 66 NGVS J123035.02+123452.7 187.6459060 12.5813054 0.021 20.506|0.002 1.035|0.006 0.513|0.003 0.754|0.004 0.876|0.005 0.708|0.012  0.140 1
 67 NGVS J123036.52+122152.8 187.6521566 12.3646753 0.023 20.549|0.002 1.081|0.007 0.554|0.003 0.760|0.004 0.922|0.005 0.676|0.005 -0.003 1
 68 NGVS J123039.16+122132.5 187.6631525 12.3590152 0.023 20.717|0.002 1.016|0.007 0.603|0.004 0.796|0.004 0.988|0.006 0.745|0.007  0.035 1
 69 NGVS J123041.81+122341.2 187.6742275 12.3947905 0.023 21.180|0.003 1.000|0.009 0.489|0.005 0.751|0.006 0.868|0.008 0.604|0.010  0.001 1
 70 NGVS J123043.25+122212.4 187.6802149 12.3701094 0.023 21.207|0.003 1.068|0.010 0.479|0.005 0.789|0.006 0.935|0.008 0.756|0.009  0.009 1
 71 NGVS J123045.34+122033.5 187.6889027 12.3426310 0.024 20.679|0.002 1.020|0.007 0.528|0.004 0.773|0.004 0.919|0.006 0.672|0.007  0.022 1
 72 NGVS J123045.95+113752.5 187.6914326 11.6312694 0.040 21.157|0.002 1.010|0.009 0.420|0.004 0.717|0.005 0.850|0.008 1.169|0.010  0.150 0
 73 NGVS J123046.50+122017.7 187.6937513 12.3382606 0.024 20.786|0.002 1.014|0.007 0.527|0.004 0.770|0.004 0.921|0.006 0.698|0.008  0.034 1
 74 NGVS J123047.40+123301.7 187.6974884 12.5504714 0.021 19.463|0.001 1.204|0.003 0.606|0.001 0.907|0.002 1.082|0.002 1.123|0.003  0.067 1
 75 NGVS J123047.66+120825.2 187.6985647 12.1403408 0.026 19.732|0.001 1.036|0.003 0.486|0.002 0.682|0.002 0.847|0.003 0.556|0.003  0.041 1
 76 NGVS J123047.70+122430.5 187.6987573 12.4084661 0.023 19.779|0.001 1.010|0.004 0.517|0.002 0.765|0.003 0.906|0.003 0.687|0.004  0.019 1
 77 NGVS J123048.19+123510.7 187.7008418 12.5863658 0.021 19.135|0.001 1.130|0.003 0.560|0.001 0.827|0.001 0.971|0.002 0.875|0.003  0.065 1
 78 NGVS J123049.28+123718.2 187.7053422 12.6217134 0.021 19.951|0.001 1.103|0.004 0.563|0.002 0.820|0.002 0.946|0.003 0.808|0.007  0.016 1
 79 NGVS J123049.49+121426.9 187.7062251 12.2408141 0.024 20.574|0.002 1.156|0.007 0.595|0.003 0.747|0.004 0.916|0.006 0.740|0.007  0.015 1
 80 NGVS J123051.07+122611.9 187.7127756 12.4366444 0.022 19.674|0.001 1.271|0.004 0.604|0.002 0.915|0.002 1.124|0.002 1.181|0.002  0.006 1
 81 NGVS J123051.65+121409.9 187.7152156 12.2360794 0.024 21.050|0.003 1.058|0.009 0.550|0.004 0.669|0.005 0.826|0.007 0.513|0.011  0.022 1
 82 NGVS J123051.75+122053.3 187.7156252 12.3481400 0.024 20.806|0.002 1.041|0.007 0.517|0.004 0.764|0.004 0.898|0.006 0.649|0.007 -0.022 1
 83 NGVS J123053.88+121712.4 187.7245095 12.2867885 0.024 21.104|0.003 1.146|0.010 0.503|0.005 0.861|0.005 1.019|0.008 0.888|0.009  0.010 1
 84 NGVS J123054.66+122022.6 187.7277335 12.3396047 0.024 21.301|0.003 0.913|0.009 0.479|0.005 0.706|0.006 0.822|0.009 0.389|0.015 -0.005 1
 85 NGVS J123101.47+121924.5 187.7561416 12.3234824 0.023 19.654|0.001 1.343|0.004 0.626|0.002 0.958|0.002 1.171|0.002 1.203|0.002 -0.009 1
 86 NGVS J123102.14+122749.7 187.7589066 12.4638040 0.021 20.648|0.002 0.943|0.006 0.492|0.003 0.738|0.004 0.865|0.005 0.528|0.008  0.023 1
 87 NGVS J123102.59+123414.1 187.7607769 12.5705885 0.021 19.793|0.001 0.962|0.004 0.515|0.002 0.745|0.002 0.848|0.003 0.574|0.006  0.043 1
 88 NGVS J123103.69+123213.0 187.7653609 12.5369543 0.020 20.012|0.001 0.996|0.005 0.504|0.002 0.758|0.003 0.852|0.004 0.637|0.007  0.031 1
 89 NGVS J123104.35+131042.5 187.7681395 13.1784863 0.025 20.265|0.002 1.349|0.008 0.594|0.003 0.946|0.003 1.157|0.004 1.185|0.008  0.015 1
 90 NGVS J123104.43+122321.2 187.7684426 12.3892326 0.023 20.670|0.002 0.974|0.007 0.471|0.004 0.722|0.005 0.861|0.007 0.569|0.008  0.041 1
 91 NGVS J123104.80+131436.6 187.7699768 13.2435029 0.026 20.640|0.002 1.062|0.007 0.521|0.003 0.723|0.004 0.880|0.007 0.536|0.015  0.104 1
 92 NGVS J123110.14+121627.9 187.7922721 12.2744269 0.022 21.207|0.003 1.096|0.012 0.509|0.005 0.834|0.006 0.981|0.009 0.768|0.010  0.005 1
 93 NGVS J123110.42+130550.4 187.7933990 13.0973410 0.023 20.760|0.002 1.006|0.007 0.515|0.003 0.747|0.004 0.866|0.006 0.592|0.011  0.189 0
 94 NGVS J123111.31+123001.0 187.7971024 12.5002931 0.020 20.759|0.002 1.231|0.007 0.581|0.003 0.872|0.004 1.028|0.005 0.972|0.010  0.073 1
 95 NGVS J123116.32+121845.4 187.8180104 12.3126096 0.022 20.940|0.002 1.067|0.007 0.539|0.003 0.810|0.004 0.947|0.006 0.799|0.007  0.018 1
 96 NGVS J123120.00+121158.1 187.8333318 12.1994729 0.023 20.482|0.001 1.131|0.005 0.504|0.002 0.771|0.003 0.904|0.004 0.699|0.005  0.004 1
 97 NGVS J123124.75+122525.8 187.8531412 12.4238373 0.022 19.799|0.001 1.051|0.003 0.539|0.002 0.774|0.002 0.917|0.002 0.709|0.003  0.007 1
 98 NGVS J123125.25+121931.8 187.8551910 12.3254925 0.023 20.225|0.001 0.970|0.004 0.513|0.002 0.753|0.003 0.873|0.004 0.576|0.004  0.046 1
 99 NGVS J123128.36+122503.6 187.8681630 12.4176659 0.023 19.322|0.001 1.139|0.002 0.572|0.001 0.818|0.001 0.992|0.002 0.869|0.002  0.082 1
100 NGVS J123131.70+113610.7 187.8819752 11.6030553 0.046 21.024|0.003 1.085|0.009 0.438|0.005 0.792|0.006 0.971|0.008 0.700|0.011  0.311 0
101 NGVS J123131.70+124130.4 187.8820942 12.6917714 0.025 19.494|0.002 1.068|0.006 0.623|0.003 0.895|0.004 1.142|0.004 0.913|0.004  0.138 1
102 NGVS J123135.13+123459.4 187.8963932 12.5831576 0.024 20.097|0.001 1.266|0.005 0.616|0.002 0.906|0.002 1.108|0.003 1.089|0.004  0.064 1
103 NGVS J123137.44+121740.7 187.9059957 12.2946473 0.023 20.599|0.002 0.981|0.005 0.417|0.003 0.731|0.004 0.850|0.005 0.559|0.006  0.007 1
104 NGVS J123138.53+115923.9 187.9105228 11.9899637 0.029 20.776|0.002 1.108|0.007 0.505|0.003 0.772|0.004 0.892|0.005 0.687|0.007  0.005 1
105 NGVS J123145.95+122721.1 187.9414762 12.4558597 0.025 21.342|0.003 0.949|0.008 0.479|0.004 0.698|0.005 0.832|0.008 0.568|0.014  0.031 1
106 NGVS J123151.34+123925.2 187.9639128 12.6569877 0.026 19.880|0.001 1.074|0.005 0.535|0.002 0.821|0.003 0.987|0.004 0.783|0.006  0.304 0
107 NGVS J123152.96+115052.9 187.9706653 11.8480245 0.032 20.874|0.002 1.047|0.007 0.567|0.003 0.860|0.004 1.017|0.006 1.532|0.005  0.012 0
108 NGVS J123157.60+124929.6 187.9899987 12.8248810 0.023 20.315|0.001 1.045|0.006 0.498|0.002 0.767|0.003 0.832|0.005 0.601|0.007  0.021 1
109 NGVS J123157.99+131534.1 187.9916397 13.2594794 0.027 19.657|0.001 0.973|0.004 0.535|0.002 0.755|0.003 0.885|0.003 0.572|0.007  0.084 1
110 NGVS J123204.35+122030.3 188.0181367 12.3417639 0.026 19.642|0.001 1.107|0.003 0.566|0.001 0.826|0.002 0.956|0.002 0.862|0.003  0.071 1
111 NGVS J123211.80+113818.6 188.0491434 11.6384938 0.040 19.829|0.001 0.919|0.003 0.441|0.002 0.746|0.002 0.818|0.003 1.234|0.003  0.064 0
112 NGVS J123214.45+120159.0 188.0602008 12.0330727 0.029 20.650|0.002 1.159|0.006 0.571|0.003 0.864|0.003 1.016|0.005 0.932|0.006  0.076 1
113 NGVS J123214.58+120305.3 188.0607390 12.0514896 0.029 19.446|0.001 1.214|0.003 0.562|0.001 0.881|0.002 1.022|0.002 0.974|0.002  0.079 1
114 NGVS J123221.10+121613.4 188.0879280 12.2703999 0.027 20.773|0.002 0.986|0.008 0.442|0.004 0.791|0.005 0.924|0.007 0.677|0.009  0.055 1
115 NGVS J123223.49+115755.0 188.0978941 11.9652688 0.032 20.191|0.001 1.161|0.005 0.667|0.002 0.861|0.003 1.014|0.003 0.954|0.004  0.005 1
116 NGVS J123225.37+121956.8 188.1056843 12.3324523 0.027 20.516|0.002 1.028|0.006 0.513|0.003 0.749|0.004 0.841|0.005 0.660|0.006  0.081 1
117 NGVS J123244.39+113638.1 188.1849358 11.6105850 0.043 21.657|0.003 0.919|0.011 0.510|0.005 0.740|0.007 0.819|0.011 1.126|0.011  0.016 0
118 NGVS J123244.97+120411.6 188.1873822 12.0699039 0.035 21.538|0.003 1.014|0.011 0.495|0.005 0.754|0.006 0.867|0.010 0.727|0.011  0.057 1
119 NGVS J123253.34+120711.5 188.2222540 12.1198664 0.036 21.274|0.003 0.893|0.009 0.466|0.005 0.692|0.006 0.754|0.010 0.992|0.008 -0.004 0
120 NGVS J123256.67+115104.7 188.2361303 11.8512962 0.034 20.193|0.001 0.964|0.004 0.501|0.002 0.736|0.002 0.820|0.003 0.570|0.004  0.015 1
121 NGVS J123313.42+130553.0 188.3059241 13.0980602 0.030 20.929|0.002 0.879|0.007 0.426|0.003 0.704|0.004 0.828|0.006 1.126|0.007  0.026 0
122 NGVS J123319.67+121112.3 188.3319655 12.1867587 0.034 20.027|0.001 0.977|0.005 0.481|0.002 0.673|0.003 0.785|0.004 0.994|0.004  0.134 0
123 NGVS J123329.47+121017.4 188.3727924 12.1715180 0.034 20.567|0.001 1.013|0.005 0.522|0.003 0.764|0.003 0.888|0.004 0.656|0.006  0.076 1
124 NGVS J123346.31+115702.3 188.4429573 11.9506379 0.036 20.996|0.003 1.315|0.009 0.608|0.004 0.961|0.005 1.141|0.006 1.250|0.006 -0.002 1
125 NGVS J123348.68+124647.9 188.4528619 12.7799771 0.031 20.327|0.001 1.081|0.006 0.586|0.002 0.837|0.003 0.996|0.004 0.915|0.006  0.343 0
126 NGVS J123351.52+122346.0 188.4646471 12.3961311 0.032 19.679|0.001 1.176|0.003 0.653|0.002 0.953|0.002 1.100|0.002 1.842|0.002  0.211 0
127 NGVS J123359.60+114730.9 188.4983267 11.7919191 0.040 21.375|0.003 1.005|0.009 0.459|0.005 0.777|0.006 0.888|0.009 0.505|0.015  0.011 1
