001 03 35 38.87 -35 21 53.3 [BAL2007] gc144.6             1388  32  3
002 03 35 42.52 -35 13 51.8 [BAL2007] gc290.6             1901  16  3
003 03 35 50.49 -35 15 24.2 [BAL2007] gc302.6             1166   6  3
004 03 35 59.56 -35 26 56.7 [BAL2007] gc21.70             1272  12  3
005 03 36 01.09 -35 25 43.0 [BAL2007] gc69.70             1389   8  3
006 03 36 01.10 -35 26 22.3 [BAL2007] gc39.70             1324  19  3
007 03 36 03.87 -35 27 26.6 [BAL2007] gc7.700             1411  11  3
008 03 36 06.19 -35 27 32.9 [BAL2007] gc4.700             1252   9  3
009 03 36 09.11 -35 25 43.7 [BAL2007] gc70.70             1403   8  3
010 03 36 10.83 -35 24 22.4 [BAL2007] gc114.7             1362   6  3
011 03 36 12.12 -35 27 07.8 [BAL2007] gc12.70             1419   6  3
012 03 36 12.68 -35 19 11.4 [BAL2007] gc235.7             1310  21  3
013 03 36 22.25 -35 36 34.1 [FDE2007] J033622.23-353634.4 1282  10  4
014 03 36 23.56 -35 21 52.1 [BAL2007] gc173.7             1413  10  3
015 03 36 26.69 -35 22 01.4 [FDE2007] J033626.67-352201.5 1315   8  4
016 03 36 27.07 -35 17 33.2 [BAL2007] gc272.7             1573  10  3
017 03 36 27.69 -35 14 13.9 [BAL2007] uc329.7             1386   4  3
018 03 36 30.12 -35 17 53.9 [BAL2007] gc260.7             1879   7  3
019 03 36 31.25 -35 26 58.2 [BAL2007] gc18.70             1320   7  3
020 03 36 32.78 -35 18 30.1 [BAL2007] gc248.7             1611   6  3
021 03 36 34.33 -35 19 32.4 [BAL2007] gc230.7             1861   5  3
022 03 36 36.12 -35 18 38.4 [BAL2007] gc247.7             1447   8  3
023 03 36 36.31 -35 21 58.5 [BAL2007] gc170.7             1472  10  3
024 03 36 47.59 -35 29 36.8 [FDE2007] J033647.58-352937.1 1628   7  4
025 03 36 47.72 -35 48 33.7 [FDE2007] J033647.69-354834.0 1358  11  4
026 03 36 48.83 -35 22 46.3 [BAL2007] gc153.8             1223   7  3
027 03 36 50.35 -35 20 16.7 [BAL2007] gc220.8             1606   6  3
028 03 36 51.65 -35 30 38.8 [BAL2007] gc41.40             1462   7  4
029 03 36 51.67 -35 05 35.0 [FDE2007] J033651.67-350535.1 1869  20  4
030 03 36 53.20 -35 30 14.6 [BAL2007] gc57.40             1342  16  3
031 03 36 54.58 -35 39 26.6 [FDE2007] J033654.57-353926.9 1469  10  4
032 03 36 55.14 -35 30 36.0 [BAL2007] gc1387sw            1340  10  3
033 03 36 55.26 -35 28 57.2 [FDE2007] J033655.24-352857.6 1273  14  4
034 03 36 55.35 -35 29 37.8 [BAL2007] gc89.40             1209   9  3
035 03 36 55.74 -35 29 21.7 [BAL2007] gc107.4             1260   6  3
036 03 36 57.26 -35 29 56.9 [BAL2007] gc76.40             1246   7  3
037 03 36 58.03 -35 34 32.1 [BAL2007] gc362.5              950   7  3
038 03 36 58.23 -35 32 01.2 [FDE2007] J033658.21-353201.6 1327  11  4
039 03 36 58.34 -35 32 07.0 [BAL2007] gc388.5             1314  10  3
040 03 36 58.52 -35 29 45.5 [BAL2007] uc82.40             1379  19  3
041 03 36 58.71 -35 30 36.3 [BAL2007] gc1387se            1273   7  3
042 03 36 59.59 -35 29 39.3 [BAL2007] gc90.40             1304   7  3
043 03 37 00.05 -35 30 36.2 [BAL2007] gc44.40             1268  13  3
044 03 37 00.35 -35 31 14.0 [BAL2007] gc19.40             1265   7  3
045 03 37 00.66 -35 31 17.4 [FDE2007] J033700.64-353117.6 1337  10  4
046 03 37 03.24 -35 38 04.4 [BAL2007] uc257.5             1561   3  4
047 03 37 04.01 -35 30 16.5 [BAL2007] gc56.40             1372   9  3
048 03 37 05.71 -35 37 32.1 [BAL2007] gc271.5             1520   7  3
049 03 37 06.88 -35 30 48.6 [FDE2007] J033706.84-353048.8 1258  12  4
050 03 37 06.93 -35 19 47.9 [SRH2010] 1 111               1720  62  1
051 03 37 07.43 -35 24 14.5 [SRH2010] 1 33                1222  93  1
052 03 37 09.50 -35 33 45.3 [FDE2007] J033709.48-353345.5 1555  11  4
053 03 37 10.29 -35 24 56.4 [SRH2010] 1 18                2058  61  1
054 03 37 11.18 -35 21 00.8 [SRH2010] 1 90                1302  47  1
055 03 37 12.06 -35 09 54.9 [FDE2007] J033712.05-350955.1 1345  13  4
056 03 37 12.66 -35 19 27.4 [SRH2010] 1 118               2145  54  1
057 03 37 13.14 -35 30 41.3 [BAL2007] gc43.40             1465  11  3
058 03 37 13.77 -35 24 48.3 [SRH2010] 1 21                1261  49  1
059 03 37 15.52 -35 19 39.4 [SRH2010] 1 114               2229  52  1
060 03 37 16.07 -35 23 21.0 [SRH2010] 2 49                1520  65  1
061 03 37 16.49 -35 24 06.2 [SRH2010] 1 36                 912  35  1
062 03 37 17.69 -35 20 34.3 [SRH2010] 1 98                1463  71  1
063 03 37 20.21 -35 23 05.4 [SRH2010] 2 54                1320  80  1
064 03 37 20.29 -35 19 40.6 [SRH2010] 2 115               1384  82  1
065 03 37 21.13 -35 32 57.2 [BAL2007] gc398.5             1713  11  3
066 03 37 21.21 -35 19 05.1 [SRH2010] 2 126               1502  56  1
067 03 37 21.32 -35 27 53.4 [BAL2007] gc155.4             1218  12  3
068 03 37 21.35 -35 24 50.8 [SRH2010] 2 20                2209  44  1
069 03 37 22.61 -35 19 22.5 [SRH2010] 2 121               1485  35  1
070 03 37 23.49 -35 24 59.2 [SRH2010] 2 17                1048  54  1
071 03 37 24.27 -35 22 57.4 [SRH2010] 2 57                1589  42  1
072 03 37 24.85 -35 36 09.6 [FDE2007] J033724.83-353610.0 1448   4  4
073 03 37 26.26 -35 41 05.7 [BAL2007] gc177.6              985   8  3
074 03 37 26.32 -35 23 30.4 [SRH2010] 2 46                1516  47  1
075 03 37 27.57 -35 30 12.5 [SRH2010] 3 94                1913   5  3
076 03 37 27.82 -35 21 14.8 [SRH2010] 2 87                1343  43  1
077 03 37 27.93 -35 33 41.1 [SRH2010] 3 29                1136  54  1
078 03 37 28.00 -35 32 32.1 [SRH2010] 3 53                1437  42  1
079 03 37 28.22 -35 21 22.7 [SRH2010] 2 84                1373  19  8
080 03 37 29.04 -35 32 39.8 [SRH2010] 3 50                1119  72  1
081 03 37 30.60 -35 19 28.8 [SRH2010] 2 119               1539  15  1
082 03 37 31.04 -35 28 51.6 [SRH2010] 3 117               1144  24  1
083 03 37 32.05 -35 33 24.1 [SRH2010] 3 34                1972  48  1
084 03 37 32.25 -35 20 58.2 [SRH2010] 2 92                1198  43  1
085 03 37 32.93 -35 16 51.8 [FDE2007] J033732.93-351652.0 1234  16  4
086 03 37 33.04 -35 29 41.0 [SRH2010] 3 103               1396  22  1
087 03 37 33.48 -35 28 12.4 [SRH2010] 3 129               1692  15  4
088 03 37 33.79 -35 31 15.0 [SRH2010] 3 75                1638  49  1
089 03 37 33.88 -35 22 18.8 FCOS 2-2161                   1997  15  8
090 03 37 33.90 -35 32 47.1 [SRH2010] 3 47                1748   8  3
091 03 37 34.29 -35 25 10.1 [SRH2010] 2 14                1418  36  1
092 03 37 34.57 -35 21 09.3 [SRH2010] 2 89                 995  76  1
093 03 37 34.69 -35 28 59.8 [SRH2010] 3 114               1304  28  1
094 03 37 35.25 -35 25 29.5 [SRH2010] 2 7                 1726  33  1
095 03 37 35.26 -35 34 12.6 [SRH2010] 3 20                1261  14  4
096 03 37 35.90 -35 17 36.4 [SRH2010] GS04-M03 199        1086  59  1
097 03 37 35.94 -35 31 02.4 [SRH2010] 3 79                1761  30  1
098 03 37 35.98 -35 31 52.4 [SRH2010] 3 64                 684  26  1
099 03 37 36.70 -35 28 32.5 [SRH2010] 4 127               1988  65  1
100 03 37 37.17 -35 31 51.8 [SRH2010] 4 64                 989  75  1
101 03 37 37.22 -35 28 38.1 [SRH2010] 3 122               1734  43  1
102 03 37 38.10 -35 32 20.0 [SRH2010] 4 57                1550  52  1
103 03 37 38.25 -35 20 20.5 [SRH2010] GS04-M03 97         2050  16  1
104 03 37 38.31 -35 30 55.0 [SRH2010] 3 81                1695  54  1
105 03 37 38.39 -35 18 50.5 [SRH2010] GS04-M03 170         936  49  1
106 03 37 38.51 -35 34 01.4 [SRH2010] 3 24                2313  51  1
107 03 37 39.71 -35 22 25.9 [SRH2010] GS04-M03 7          1361  24  1
108 03 37 39.77 -35 21 11.9 [SRH2010] GS04-M03 56         1180  35  1
109 03 37 40.01 -35 25 35.4 [SRH2010] GS04-M05 201        1321  24  1
110 03 37 40.13 -35 32 21.2 [SRH2010] 3 57                 794  60  1
111 03 37 40.53 -35 34 23.1 [SRH2010] 3 17                1487  45  1
112 03 37 41.05 -35 30 22.7 [SRH2010] 3 91                1501  56  1
113 03 37 41.48 -35 34 52.4 [SRH2010] 3 7                 1375  40  1
114 03 37 41.51 -35 32 15.4 [SRH2010] 3 59                1348 146  1
115 03 37 41.80 -35 41 22.9 [FDE2007] J033741.77-354123.2 1122   5  4
116 03 37 41.94 -35 31 54.1 [SRH2010] 4 63                1677  70  1
117 03 37 41.95 -35 26 11.0 [SRH2010] GS04-M05 129        1587  52  1
118 03 37 42.25 -35 30 33.8 [SRH2010] 3 88                1319   9  3
119 03 37 42.29 -35 25 46.3 [SRH2010] GS04-M05 134        1336  27  1
120 03 37 42.37 -35 21 39.6 [SRH2010] GS04-M04 23         1679  51  1
121 03 37 42.39 -35 25 24.1 [SRH2010] GS04-M05 144        1564  59  1
122 03 37 43.03 -35 22 11.9 [GDE2009] UCD 15              1146  86  5
123 03 37 43.50 -35 15 10.0 [FDE2007] J033743.49-351510.2 1255   6  4
124 03 37 43.56 -35 30 40.1 [SRH2010] 3 86                1362  47  1
125 03 37 43.57 -35 22 51.5 [BAL2007] gc302.3             1420   7  4
126 03 37 44.05 -35 29 05.7 [SRH2010] 4 117               1002  59  1
127 03 37 44.18 -35 26 13.8 [SRH2010] GS04-M05 114        1565  44  1
128 03 37 44.20 -35 26 57.3 [KGM99] aat 4                 2478 150  9
129 03 37 44.72 -35 19 18.5 [SRH2010] GS04-M03 106        1192  14  4
130 03 37 45.08 -35 29 01.4 [SRH2010] 4 118               1657   9  3
131 03 37 45.39 -35 30 10.7 [SRH2010] 4 96                1909  62  1
132 03 37 45.53 -35 26 41.6 [SRH2010] GS04-M05 96         1488  21  1
133 03 37 45.67 -35 19 38.2 [SRH2010] GS04-M03 92         1425  31  1
134 03 37 46.00 -35 28 39.9 [SRH2010] 4 125               1277  28  1
135 03 37 46.45 -35 28 05.1 FCOS 2-095                    1495  45  7
136 03 37 46.72 -35 34 42.3 [SRH2010] 4 10                1386  13  3
137 03 37 46.77 -35 30 02.3 [SRH2010] 4 99                1133  39  1
138 03 37 46.80 -35 39 23.5 [BAL2007] gc225.6             1337   9  4
139 03 37 47.03 -35 27 48.1 [BAL2007] gc133.3             1835  20  3
140 03 37 47.18 -35 22 57.4 [SRH2010] GS04-M06 202        1486  17  1
141 03 37 47.65 -35 32 47.9 [SRH2010] 4 47                1362  34  1
142 03 37 47.74 -35 31 46.9 [SRH2010] 4 65                1083  44  1
143 03 37 47.83 -35 31 34.9 [SRH2010] 4 69                1364  46  1
144 03 37 48.12 -35 22 11.8 [SRH2010] GS04-M05 185        1297  46  1
145 03 37 49.16 -35 28 51.7 [SRH2010] 4 121               1708  35  1
146 03 37 49.84 -35 28 22.4 [SRH2010] 4 129               1379  36  1
147 03 37 51.03 -35 34 35.5 [SRH2010] 4 12                 938  35  1
148 03 37 51.18 -35 23 01.5 [SRH2010] GS04-M06 127        1338  51  1
149 03 37 51.34 -35 27 14.0 [SRH2010] GS04-M06 36         1581  35  1
150 03 37 51.45 -35 25 58.2 [SRH2010] GS04-M05 68         1644  24  1
151 03 37 51.81 -35 31 35.9 [SRH2010] 91 45               1466  36  1
152 03 37 52.48 -35 28 57.6 [SRH2010] 92 99               1468  18  1
153 03 37 52.67 -35 24 35.0 [SRH2010] GS04-M05 87         1515  43  1
154 03 37 52.67 -35 30 52.0 [SRH2010] 91 57               1048  19  1
155 03 37 53.00 -35 29 37.3 [SRH2010] 91 81               1091  33  2
156 03 37 53.05 -35 29 25.6 [SRH2010] 92 97               1753 105  1
157 03 37 53.11 -35 27 20.6 [SRH2010] GS04-M06 15          848  52  1
158 03 37 53.44 -35 26 16.1 [SRH2010] GS04-M05 40         1235  19  1
159 03 37 53.57 -35 39 08.7 [SRH2010] 5 51                1529 107  1
160 03 37 53.86 -35 35 17.9 [SRH2010] 5 119               1621  55  1
161 03 37 53.88 -35 35 03.7 [SRH2010] 5 124               1392  72  1
162 03 37 54.41 -35 26 33.3 [SRH2010] GS04-M05 22         1624  42  1
163 03 37 54.47 -35 30 47.1 [SRH2010] 4 85                1209  56  1
164 03 37 54.90 -35 29 53.4 [SRH2010] 91 75               1322  47  1
165 03 37 55.14 -35 32 14.4 [SRH2010] 91 36               1222  80  1
166 03 37 55.21 -35 30 14.2 [SRH2010] 91 69               1259  29  1
167 03 37 55.31 -35 38 04.0 [SRH2010] 5 69                1124  55  1
168 03 37 55.51 -35 29 33.9 [DRG2004] 92:88               1315  49  2
169 03 37 55.55 -35 29 21.0 [SRH2010] 91 86               2120  71  1
170 03 37 55.99 -35 32 53.9 [SRH2010] 91 24                971  14  1
171 03 37 56.40 -35 39 15.0 [SRH2010] 5 49                1530  18  4
172 03 37 56.86 -35 31 50.7 [SRH2010] 91 41               1472  29  2
173 03 37 56.99 -35 41 01.8 [SRH2010] 5 15                1396  64  1
174 03 37 57.16 -35 24 46.9 [SRH2010] GS04-M06 42         1302  34  1
175 03 37 57.32 -35 26 21.0 [SRH2010] 82 4                2129  37  1
176 03 37 57.74 -35 25 04.9 [SRH2010] 82 5                1076  20  1
177 03 37 57.80 -35 31 13.7 [SRH2010] 91 51               1344  27  2
178 03 37 57.91 -35 23 58.4 [SRH2010] GS04-M05 59         1268  34  1
179 03 37 58.01 -35 26 47.0 [SRH2010] 82 6                 607  75  1
180 03 37 58.09 -35 32 00.1 [SRH2010] 91 39               1541  60  1
181 03 37 58.37 -35 29 34.5 [SRH2010] 91 82               1694  75  1
182 03 37 58.56 -35 25 58.5 [SRH2010] 82 8                1200  38  1
183 03 37 58.69 -35 29 40.6 [SRH2010] 92 78               1952  38  1
184 03 37 58.75 -35 29 32.2 [SRH2010] 91 83               1631  21  1
185 03 37 58.76 -35 22 12.4 [KGM99] aat 13                1922 150  9
186 03 37 58.97 -35 36 19.8 [SRH2010] 5 100               1316  20  1
187 03 37 59.03 -35 32 56.1 [SRH2010] 91 23               1917  61  2
188 03 37 59.38 -35 33 53.0 [SRH2010] 91 8                1977  40  2
189 03 37 59.38 -35 30 25.1 [DRG2004] 92:76               1827  57  2
190 03 37 59.45 -35 36 09.3 [SRH2010] 5 103               1564  12  3
191 03 37 59.57 -35 36 25.3 [SRH2010] 5 99                1949   9  3
192 03 38 00.18 -35 30 08.2 [SRH2010] 92 74                843  10  2
193 03 38 00.50 -35 26 48.8 [SRH2010] 82 13               2025  55  1
194 03 38 00.92 -35 26 24.4 [SRH2010] 82 14               1113  24  1
195 03 38 00.95 -35 24 34.3 [SRH2010] GS04-M05 12         1527  12  1
196 03 38 01.05 -35 30 25.0 [SRH2010] 91 66               1889  36  2
197 03 38 01.09 -35 36 04.3 [SRH2010] 5 105               1624  58  1
198 03 38 01.21 -35 28 01.4 [SRH2010] 91 111              2395  34  2
199 03 38 01.73 -35 37 38.3 [SRH2010] 5 76                1329  65  1
200 03 38 01.87 -35 37 01.6 [SRH2010] 5 87                 877  49  1
201 03 38 02.14 -35 25 57.0 [SRH2010] 81 17               1119  54  1
202 03 38 02.20 -35 38 59.2 [SRH2010] 5 54                1358  45  1
203 03 38 02.25 -35 34 23.2 [DRG2004] 91:1                1008  74  2
204 03 38 02.34 -35 26 10.1 [SRH2010] 81 13               1868  35  1
205 03 38 02.41 -35 30 36.1 [SRH2010] 91 63                789  37  2
206 03 38 02.48 -35 41 18.6 [SRH2010] 5 9                  933  52  1
207 03 38 02.53 -35 25 03.5 [SRH2010] 81 32               1368  44  1
208 03 38 02.82 -35 29 25.8 [SRH2010] 91 85               1517  38  2
209 03 38 02.85 -35 24 57.7 [SRH2010] 81 34               1230  34  2
210 03 38 03.01 -35 26 28.7 [SRH2010] 81 8                1783  29  1
211 03 38 03.14 -35 28 25.9 [SRH2010] 91 102              1345  19  1
212 03 38 03.18 -35 22 07.7 [SRH2010] 81 78               1386  46  1
213 03 38 03.19 -35 26 44.2 [DRG2004] 81:3                1797  82  2
214 03 38 03.23 -35 28 59.5 [DRG2004] 92:65               1268  47  2
215 03 38 03.60 -35 26 05.5 [SRH2010] 81 14               1369  32  1
216 03 38 03.92 -35 29 19.1 [SRH2010] 91 87               1410  50  1
217 03 38 04.24 -35 31 39.6 [SRH2010] 91 44               1973  53  1
218 03 38 04.25 -35 37 56.5 [SRH2010] 5 71                 850  45  1
219 03 38 04.30 -35 29 00.9 [SRH2010] 91 92               1435  31  1
220 03 38 04.32 -35 27 46.8 [SRH2010] 91 115              1563  29  1
221 03 38 04.44 -35 28 11.4 [SRH2010] 91 109              1648  13  1
222 03 38 04.54 -35 30 58.8 [SRH2010] 91 55               1291  28  1
223 03 38 04.66 -35 30 08.1 [SRH2010] 91 71               1544  20  1
224 03 38 04.69 -35 23 25.2 [SRH2010] 81 57               1376  43  1
225 03 38 04.79 -35 22 55.6 [SRH2010] 81 64               1433  46  1
226 03 38 04.88 -35 19 21.6 [SRH2010] GS04-M01 135         743  37  1
227 03 38 04.90 -35 31 09.9 [SRH2010] 91 52               1599  25  1
228 03 38 05.05 -35 24 09.3 [GDE2009] UCD 19              1219   7  8
229 03 38 05.18 -35 25 19.6 [SRH2010] 81 27               1686  36  1
230 03 38 05.32 -35 29 32.2 [SRH2010] 92 58               1033  37  2
231 03 38 05.61 -35 26 45.7 [SRH2010] 82 29               1511  34  1
232 03 38 05.75 -35 26 48.3 [SRH2010] 81 2                1380  27  1
233 03 38 05.93 -35 35 20.3 [SRH2010] 5 118               1514  44  1
234 03 38 06.20 -35 33 21.6 [SRH2010] 91 15               1692  85  1
235 03 38 06.29 -35 22 48.3 [SRH2010] 81 66               1736  47  1
236 03 38 06.30 -35 28 58.6 [SRH2010] 91 93               1234   5  3
237 03 38 06.50 -35 23 03.7 [GDE2009] UCD 21              1510  64  5
238 03 38 06.50 -35 31 01.5 [SRH2010] 90 52               1098  23  2
239 03 38 06.53 -35 28 16.0 [DRG2004] 91:106              2626  42  2
240 03 38 06.67 -35 29 32.2 [SRH2010] 92 55               1643  42  1
241 03 38 06.70 -35 26 46.3 [SRH2010] 82 31               1991  38  1
242 03 38 07.02 -35 22 22.1 [SRH2010] 81 74               1388  41  1
243 03 38 07.03 -35 26 39.4 [SRH2010] 81 5                 858  47  2
244 03 38 07.05 -35 29 31.2 [SRH2010] 92 54               1907  37  2
245 03 38 07.06 -35 24 28.6 [SRH2010] 81 41               1270  21  1
246 03 38 07.30 -35 25 48.4 [SRH2010] 81 20               1613  17  1
247 03 38 07.48 -35 33 38.9 [SRH2010] 91 11               1106  43  2
248 03 38 07.63 -35 20 49.7 [SRH2010] 81 98               1534  48  2
249 03 38 07.67 -35 18 01.0 [SRH2010] GS04-M02 157        2172  37  1
250 03 38 07.72 -35 21 59.2 [SRH2010] 81 81               1576  25  1
251 03 38 07.74 -35 37 52.0 [SRH2010] 5 72                1576  59  1
252 03 38 07.84 -35 19 37.2 [SRH2010] GS03-M03 166        1547  24  1
253 03 38 07.86 -35 24 23.5 [SRH2010] 81 43               1634  42  1
254 03 38 08.18 -35 27 52.0 [SRH2010] 91 113              1805  21  2
255 03 38 08.47 -35 24 36.2 [SRH2010] 82 35               1686  98  1
256 03 38 08.53 -35 23 55.4 [SRH2010] 81 49               1363  42  2
257 03 38 08.54 -35 23 52.3 [SRH2010] 81 50               1658  33  1
258 03 38 08.78 -35 29 13.5 [SRH2010] 90 82               1156  37  1
259 03 38 08.81 -35 29 39.2 [SRH2010] 90 74                946  20  2
260 03 38 08.82 -35 32 26.0 [BAL2007] gc466.7             1801  10  3
261 03 38 08.92 -35 27 53.5 [SRH2010] 90 105              1743  25  1
262 03 38 09.00 -35 18 45.5 [SRH2010] GS04-M01 164        1381  33  1
263 03 38 09.00 -35 38 15.5 [SRH2010] 5 65                1303  58  1
264 03 38 09.03 -35 23 11.6 [SRH2010] 81 60               1393  37  1
265 03 38 09.15 -35 29 05.9 [SRH2010] 90 84               1292  20  2
266 03 38 09.16 -35 38 13.9 [SRH2010] 5 66                1199  24  1
267 03 38 09.24 -35 35 06.9 [SRH2010] 12 122              1776   6  4
268 03 38 09.40 -35 31 00.1 [SRH2010] 89 52               1577  26  2
269 03 38 09.43 -35 24 50.6 [SRH2010] 81 36               1524  34  1
270 03 38 09.59 -35 31 42.2 [SRH2010] 90 42               1053  56  1
271 03 38 09.71 -35 24 37.3 [SRH2010] 81 39               1539  22  1
272 03 38 09.75 -35 24 09.1 [SRH2010] 81 46               1837  31  2
273 03 38 10.03 -35 25 33.2 [SRH2010] 81 24               1397  53  2
274 03 38 10.03 -35 20 14.8 [SRH2010] 81 109              1627  41  1
275 03 38 10.17 -35 26 32.0 [SRH2010] 81 7                1028  37  1
276 03 38 10.21 -35 31 58.4 [SRH2010] 90 38               1718  26  2
277 03 38 10.27 -35 24 26.0 [SRH2010] 81 42               1744  50  1
278 03 38 10.34 -35 24 05.8 [SRH2010] 81 47               1605  15  1
279 03 38 10.48 -35 28 54.4 [SRH2010] 90 87               1684  44  1
280 03 38 10.50 -35 29 22.9 [SRH2010] 90 79               1385  26  1
281 03 38 10.50 -35 24 36.5 [SRH2010] 82 41               1340  67  1
282 03 38 10.73 -35 25 46.0 [GDE2009] UCD 24              1764  55  5
283 03 38 10.91 -35 25 17.7 [SRH2010] 82 42               1771  77  1
284 03 38 11.00 -35 28 46.9 [SRH2010] 90 89               1370  66  1
285 03 38 11.00 -35 23 38.2 [SRH2010] 81 54               1342  22  1
286 03 38 11.10 -35 24 53.8 [SRH2010] 81 35               1837  25  1
287 03 38 11.21 -35 29 32.0 [SRH2010] 90 76               1051  15  2
288 03 38 11.45 -35 29 30.0 [SRH2010] 90 77               1358  19  2
289 03 38 11.67 -35 39 26.4 [SRH2010] 5 45                1625  57  1
290 03 38 11.70 -35 27 16.2 [BAL2007] gc317.2             1434   8  3
291 03 38 11.72 -35 26 45.0 [SRH2010] 82 44                741  38  1
292 03 38 11.97 -35 39 57.1 [SRH2010] 12 34               1381   6  4
293 03 38 12.01 -35 32 00.8 [SRH2010] 89 38               1336  19  2
294 03 38 12.07 -35 25 36.9 [SRH2010] 81 23               1514  18  1
295 03 38 12.09 -35 19 16.4 [SRH2010] GS03-M03 123        1645  40  1
296 03 38 12.20 -35 26 27.3 [SRH2010] 82 45               1552  32  1
297 03 38 12.25 -35 20 03.8 [SRH2010] GS03-M04 120        1060  36  1
298 03 38 12.29 -35 22 11.3 [SRH2010] 81 77               1337  32  1
299 03 38 12.45 -35 32 25.2 [SRH2010] 89 32               1532  37  2
300 03 38 12.54 -35 21 26.9 [SRH2010] 81 88               1450  41  1
301 03 38 12.57 -35 24 31.4 [SRH2010] 81 40               1610  25  1
302 03 38 12.70 -35 28 57.0 [SRH2010] 89 84               1708  13  2
303 03 38 12.78 -35 28 04.6 [SRH2010] 90 101              1559  18  2
304 03 38 12.86 -35 32 47.2 [SRH2010] 89 26               1615  30  2
305 03 38 13.08 -35 33 52.7 [SRH2010] 90 9                1566  10  3
306 03 38 13.10 -35 31 07.0 [KGM99] aat 21                2085 150  9
307 03 38 13.18 -35 28 56.9 [SRH2010] 92 37               1542  21  1
308 03 38 13.30 -35 21 52.7 [SRH2010] 81 82               1131  21  1
309 03 38 13.31 -35 31 42.3 [SRH2010] 89 42               1605  37  2
310 03 38 13.38 -35 20 20.8 [SRH2010] 81 107              1233  20  1
311 03 38 13.41 -35 37 38.0 [BAL2007] gc280.7              981  13  3
312 03 38 13.55 -35 28 56.0 [BAL2007] gc156.2             1606  14  3
313 03 38 13.66 -35 23 34.7 [SRH2010] 81 55               1662  54  1
314 03 38 13.89 -35 34 08.5 [SRH2010] 90 4                 954  33  2
315 03 38 13.90 -35 25 52.3 [SRH2010] 81 19               1956  34  1
316 03 38 13.92 -35 29 43.4 FCOS 2-089                    1235  45  7
317 03 38 14.15 -35 34 06.5 [SRH2010] GS04-M07 237         936  43  1
318 03 38 14.18 -35 33 45.3 [SRH2010] 90 11               1257  37  2
319 03 38 14.19 -35 26 43.6 [BAL2007] gc365.2             1143  19  3
320 03 38 14.21 -35 30 24.5 [SRH2010] 92 34               1382  43  2
321 03 38 14.69 -35 38 22.1 [SRH2010] 12 63               1367 118  1
322 03 38 14.74 -35 22 18.5 [SRH2010] 81 75                995  47  2
323 03 38 14.77 -35 33 24.7 [SRH2010] 90 15               1347  11  3
324 03 38 14.77 -35 32 59.3 [DRG2004] 90:21               1464  59  2
325 03 38 14.81 -35 33 39.6 [SRH2010] 90 12               1611  23  1
326 03 38 14.90 -35 26 21.6 [SRH2010] 82 50                922  47  1
327 03 38 15.10 -35 27 57.4 [SRH2010] 89 103              1711  32  2
328 03 38 15.25 -35 18 31.1 [SRH2010] GS03-M03 97         1281  35  1
329 03 38 15.28 -35 25 30.2 [SRH2010] 82 51               1736  31 11
330 03 38 15.39 -35 29 46.4 [SRH2010] 90 72               1311  35  2
331 03 38 15.49 -35 26 43.9 [SRH2010] 82 52               1155  33  1
332 03 38 15.56 -35 32 03.5 [SRH2010] 89 37               1524  23  2
333 03 38 15.61 -35 30 46.0 [SRH2010] 89 56               1719  28  1
334 03 38 15.61 -35 21 35.9 [DRG2004] 80:94               1811  79  2
335 03 38 15.61 -35 28 05.7 [DRG2004] 92:29               1103  38  2
336 03 38 15.62 -35 31 12.2 [SRH2010] 89 49               1410  30  2
337 03 38 15.68 -35 28 24.0 [SRH2010] 89 94               1573  61  2
338 03 38 15.69 -35 26 00.4 [SRH2010] 80 17               1066  15  1
339 03 38 16.03 -35 29 36.2 [SRH2010] 92 28               1604  37  1
340 03 38 16.14 -35 25 40.3 [SRH2010] 82 54               1678  31  1
341 03 38 16.24 -35 25 31.2 [DRG2004] 82:54               1726  37  2
342 03 38 16.25 -35 27 48.7 [SRH2010] 90 107              1170  39  2
343 03 38 16.39 -35 35 43.9 [SRH2010] 12 111              1570  62  1
344 03 38 16.47 -35 30 25.0 [SRH2010] 90 62               2100  30  2
345 03 38 16.48 -35 27 53.4 [SRH2010] 89 104              1088  85  1
346 03 38 16.50 -35 26 19.5 [GDE2009] UCD 27               815  30 11
347 03 38 16.51 -35 31 07.5 [SRH2010] 89 50               1487  29  2
348 03 38 16.66 -35 20 22.8 [SRH2010] 80 115              1432  20  2
349 03 38 16.66 -35 28 30.3 [SRH2010] 89 92               1484  25  2
350 03 38 16.67 -35 29 35.0 [SRH2010] 89 74               1669   9  3
351 03 38 16.73 -35 33 45.2 [DRG2004] 89:11               1585  58  2
352 03 38 16.75 -35 27 56.3 [SRH2010] 90 104              1784  30  2
353 03 38 16.79 -35 28 13.4 [DRG2004] 89:97               1571  61  2
354 03 38 16.83 -35 25 12.8 [DRG2004] 80:31               1390  45  2
355 03 38 16.84 -35 34 44.6 [SRH2010] GS04-M08 184        1630  65  1
356 03 38 16.91 -35 30 20.2 [SRH2010] 89 63               2041  40  2
357 03 38 16.92 -35 25 52.8 [SRH2010] 82 56               1935  65  1
358 03 38 16.94 -35 38 12.5 [SRH2010] 12 66               1483  67  1
359 03 38 17.07 -35 28 04.5 [SRH2010] 92 25               1146  46  1
360 03 38 17.08 -35 26 30.9 [SRH2010] 82 57               1235  12  3
361 03 38 17.13 -35 34 15.7 [SRH2010] 90 2                 817  27  2
362 03 38 17.27 -35 30 31.8 [SRH2010] 89 59               1936  43  2
363 03 38 17.55 -35 21 48.6 [SRH2010] 80 90               1917  26  2
364 03 38 17.60 -35 33 02.5 [SRH2010] 89 22               1514  26  2
365 03 38 17.64 -35 29 35.3 [SRH2010] 90 75               1349  21  2
366 03 38 17.65 -35 28 37.6 [SRH2010] 89 90               1306  29  1
367 03 38 17.67 -35 28 26.5 [SRH2010] 89 93               1280  37  1
368 03 38 17.71 -35 22 51.2 [SRH2010] 80 71               1499  24  1
369 03 38 17.77 -35 29 14.4 [SRH2010] 92 23               1592  61  1
370 03 38 17.80 -35 35 40.5 [SRH2010] 12 112              1466  25  1
371 03 38 17.81 -35 27 50.4 [DRG2004] 89:105               859  51  2
372 03 38 17.88 -35 30 05.1 [SRH2010] 89 67               1804  46  2
373 03 38 17.89 -35 35 31.6 [SRH2010] 12 115              1818  41  1
374 03 38 17.95 -35 36 08.9 [SRH2010] GS04-M07 111        1659  55  1
375 03 38 17.98 -35 15 06.0 [FDE2007] J033817.97-351506.4 1291  11  4
376 03 38 18.10 -35 30 53.5 [SRH2010] 90 54               1593  31  2
377 03 38 18.20 -35 28 34.8 [SRH2010] 90 93               1446  43  1
378 03 38 18.25 -35 24 54.5 [SRH2010] 80 35               1530  17  2
379 03 38 18.25 -35 25 16.4 [SRH2010] 82 59               1282  41  1
380 03 38 18.39 -35 25 52.5 [KBS98] 13                    1247  30  9
381 03 38 18.41 -35 27 39.7 [SRH2010] 89 107              1170  39  2
382 03 38 18.42 -35 31 33.8 [SRH2010] 89 44               1590  31  2
383 03 38 18.52 -35 22 03.5 [SRH2010] 80 86               1228  17  1
384 03 38 18.56 -35 28 08.6 [SRH2010] 89 99                527  20  1
385 03 38 18.64 -35 36 05.8 [SRH2010] 12 105              1482  37  1
386 03 38 18.77 -35 27 44.3 [SRH2010] 90 108              1376  55  1
387 03 38 18.94 -35 25 59.2 [SRH2010] 82 61               1363  39  1
388 03 38 18.97 -35 32 27.7 [SRH2010] 90 28               1108  46  2
389 03 38 19.03 -35 29 51.0 [DRG2004] 90:71               2824  29  2
390 03 38 19.03 -35 32 22.3 [SRH2010] 89 33               1782  13  1
391 03 38 19.07 -35 26 37.3 [SRH2010] 80 6                1527  14  1
392 03 38 19.13 -35 21 27.0 [SRH2010] 80 96               1760  30  2
393 03 38 19.36 -35 26 10.9 [SRH2010] 82 62               1074  25  1
394 03 38 19.49 -35 25 52.4 [SRH2010] 80 19               1245  12  1
395 03 38 19.55 -35 31 47.6 [SRH2010] 89 41                942  53  2
396 03 38 19.62 -35 33 27.4 [DRG2004] 89:16                965  54  2
397 03 38 19.65 -35 29 17.5 [SRH2010] 90 81               1409  49  2
398 03 38 19.70 -35 19 10.1 [SRH2010] GS03-M03 79         2014  45  1
399 03 38 19.80 -35 23 39.2 [SRH2010] 80 56                865  22  1
400 03 38 19.81 -35 27 44.8 [SRH2010] 92 15               1659  55  1
401 03 38 19.88 -35 21 23.9 [SRH2010] 80 97               1062  48  2
402 03 38 19.90 -35 40 58.4 [SRH2010] 12 14               1946  52  1
403 03 38 20.00 -35 26 43.6 [SRH2010] 80 4                1452  17  1
404 03 38 20.01 -35 30 01.6 [SRH2010] 89 68               1625  54  2
405 03 38 20.25 -35 20 19.0 [SRH2010] 80 116              1339  26  1
406 03 38 20.36 -35 25 07.4 [SRH2010] 82 65               1738  44  1
407 03 38 20.45 -35 29 28.0 [SRH2010] 89 76               1256  19  2
408 03 38 20.61 -35 26 10.9 [SRH2010] 80 13               1799  23  2
409 03 38 20.84 -35 34 26.6 [SRH2010] GS04-M07 194        1524  31  1
410 03 38 20.84 -35 28 28.5 [SRH2010] 92 11               1639  38  1
411 03 38 20.87 -35 21 55.7 [SRH2010] 80 88                653  59  2
412 03 38 20.93 -35 25 28.0 [SRH2010] 82 67               1563  91  1
413 03 38 21.01 -35 30 12.8 [SRH2010] 89 65               1584  26  2
414 03 38 21.23 -35 29 18.5 [SRH2010] 89 78               1343  47  2
415 03 38 21.23 -35 29 23.6 [SRH2010] 92 10               1340  40  1
416 03 38 21.34 -35 24 35.9 [SRH2010] 80 40                881  18  2
417 03 38 21.39 -35 31 21.5 [DRG2004] 89:47               1416  63  2
418 03 38 21.45 -35 24 20.6 [SRH2010] 80 46               1344  32  1
419 03 38 21.46 -35 25 46.4 [SRH2010] 82 69               1265  51  1
420 03 38 21.48 -35 26 05.1 [SRH2010] 80 15               1542  26  2
421 03 38 21.54 -35 20 08.3 [SRH2010] 80 119              1416  51  2
422 03 38 21.55 -35 23 18.5 [SRH2010] 80 62               1570  40  1
423 03 38 21.56 -35 26 15.7 [SRH2010] 80 12               1458  17  1
424 03 38 21.73 -35 25 15.0 [SRH2010] 80 30               1519  20  1
425 03 38 21.76 -35 18 15.2 [SRH2010] GS03-M03 51         1308  73  1
426 03 38 21.79 -35 33 50.6 [SRH2010] 89 10               1416  31  1
427 03 38 21.82 -35 29 23.3 [SRH2010] 89 77               1648  31  2
428 03 38 21.97 -35 25 29.2 [SRH2010] 82 71               1801  29  1
429 03 38 21.99 -35 28 52.2 [SRH2010] 89 86                973  37  2
430 03 38 22.03 -35 22 31.6 [SRH2010] 80 77               1257  40  2
431 03 38 22.04 -35 29 36.6 [SRH2010] 92 8                1256  28  2
432 03 38 22.16 -35 23 42.2 [SRH2010] 80 55               1031  30  1
433 03 38 22.20 -35 21 04.3 [SRH2010] 80 103              1894  70  1
434 03 38 22.24 -35 33 23.8 [SRH2010] 89 17               1569  30  2
435 03 38 22.26 -35 29 31.3 [SRH2010] 89 75               1557  68  1
436 03 38 22.43 -35 26 32.9 [SRH2010] 80 7                1197  22  2
437 03 38 22.58 -35 25 46.4 [SRH2010] 82 73               1629  81  1
438 03 38 22.58 -35 30 49.0 [SRH2010] 89 55               1723  42  2
439 03 38 22.65 -35 26 49.1 [SRH2010] 80 2                 974  33  1
440 03 38 22.73 -35 28 48.6 [SRH2010] 89 87               1435  49  2
441 03 38 22.85 -35 16 55.6 [SRH2010] GS03-M04 38         1646  24  1
442 03 38 22.86 -35 24 23.4 [SRH2010] 80 45               1541  28  1
443 03 38 22.97 -35 25 03.7 [SRH2010] 80 33               1414  15  1
444 03 38 23.06 -35 25 49.5 [SRH2010] 82 74               1693  51  1
445 03 38 23.10 -35 30 54.1 [SRH2010] 89 54               1379  33  2
446 03 38 23.20 -35 25 29.5 [SRH2010] 80 26               1651  17  1
447 03 38 23.23 -35 24 29.8 [SRH2010] 80 42               1258  31  1
448 03 38 23.24 -35 20 00.6 [SRH2010] GS03-M03 35         1309  16  1
449 03 38 23.28 -35 26 33.0 [BAL2007] gc387.2             1505   9  3
450 03 38 23.32 -35 30 22.1 [SRH2010] 89 62               1255  30  1
451 03 38 23.37 -35 25 22.2 [SRH2010] 82 75               1531  45  1
452 03 38 23.42 -35 39 53.3 [BAL2007] uc218.7              757  21  3
453 03 38 23.43 -35 21 20.3 [SRH2010] 80 98               1517  35  2
454 03 38 23.45 -35 30 48.4 [SRH2010] 92 4                 906  38  1
455 03 38 23.46 -35 21 18.3 [SRH2010] 80 99               1798  49  1
456 03 38 23.54 -35 23 15.9 [SRH2010] 80 63               1917  18  2
457 03 38 23.56 -35 23 32.6 [SRH2010] 80 58               1314  18  1
458 03 38 23.60 -35 29 52.1 [DRG2004] 89:70               1468  73  2
459 03 38 23.62 -35 25 33.3 [SRH2010] 82 76               1402  53  1
460 03 38 23.74 -35 13 49.4 [FDE2007] J033823.73-351349.8 1637  14  8
461 03 38 23.83 -35 28 48.7 [SRH2010] 92 3                1735  27  2
462 03 38 23.89 -35 22 12.2 [SRH2010] 80 83               1614  24  2
463 03 38 23.89 -35 35 55.5 [SRH2010] GS04-M07 76         1753  59  1
464 03 38 23.93 -35 25 07.8 [SRH2010] 82 77               1633  32  1
465 03 38 23.97 -35 29 37.5 [SRH2010] 89 73               1497  35  2
466 03 38 24.07 -35 28 56.7 [SRH2010] 92 2                1415  36  2
467 03 38 24.26 -35 25 32.3 [SRH2010] 82 78               1297  50  1
468 03 38 24.65 -35 26 22.5 [SRH2010] 80 10               1181  27  1
469 03 38 24.75 -35 25 25.7 [SRH2010] 82 80               1480  51  1
470 03 38 25.04 -35 29 25.2 [GDE2009] UCD 34              1158  64  5
471 03 38 25.28 -35 23 25.3 [SRH2010] 80 60               1407  22  1
472 03 38 25.51 -35 22 44.7 [DRG2004] 80:73               2443  71  2
473 03 38 25.54 -35 37 42.6 [SRH2010] 9 110               1740  32  1
474 03 38 25.55 -35 16 05.6 [SRH2010] GS03-M04 15         1452  20  1
475 03 38 25.66 -35 19 05.8 [SRH2010] GS03-M03 14         1421  28  1
476 03 38 25.66 -35 29 19.9 FCOS 2-2107                   1267 101  6
477 03 38 25.75 -35 24 56.5 [SRH2010] 82 82               1462  35  1
478 03 38 26.01 -35 24 37.1 [SRH2010] 82 83               1552  35  1
479 03 38 26.24 -35 25 25.9 [SRH2010] 80 27               1231  16  1
480 03 38 26.25 -35 22 24.7 [SRH2010] 80 79               1120  28  1
481 03 38 26.42 -35 24 25.2 [SRH2010] 80 44               1808  19  2
482 03 38 26.43 -35 34 25.1 [SRH2010] GS04-M08 120        1548  45  1
483 03 38 26.43 -35 25 21.7 [SRH2010] 80 28               1753  18  2
484 03 38 26.45 -35 38 38.2 [SRH2010] 9 94                1429  63  1
485 03 38 26.51 -35 33 43.7 [SRH2010] GS04-M07 198        1334  27  1
486 03 38 26.58 -35 35 18.5 [SRH2010] GS04-M07 80          997  56  1
487 03 38 26.62 -35 41 42.9 [SRH2010] 9 43                1739  15  3
488 03 38 26.64 -35 25 33.9 [SRH2010] 80 24               1434  19  1
489 03 38 26.71 -35 30 07.4 [GDE2009] UCD 36              1475  72  5
490 03 38 26.95 -35 20 31.8 [SRH2010] 80 112              1498  37  1
491 03 38 27.18 -35 24 34.1 [SRH2010] 82 86               1891  34  1
492 03 38 27.37 -35 25 37.4 [SRH2010] 80 23               1421  24  2
493 03 38 27.79 -35 32 36.3 [SRH2010] GS04-M08 179        1509  25  1
494 03 38 28.28 -35 39 10.8 [SRH2010] 9 84                 777  29  1
495 03 38 28.34 -35 34 12.5 [SRH2010] GS04-M07 116        1779  29  1
496 03 38 28.35 -35 25 38.3 FCOS 0-2030                   1771  56  6
497 03 38 28.45 -35 28 21.1 [BAL2007] gc212.2             1804  19  3
498 03 38 28.47 -35 25 12.2 [SRH2010] 78 119              1102  56  1
499 03 38 28.87 -35 25 00.4 [SRH2010] 78 117              1462  27  1
500 03 38 28.97 -35 22 56.1 [GDE2009] UCD 38              1654  69  6
501 03 38 29.53 -35 25 08.2 [SRH2010] 78 115              1362  24  1
502 03 38 29.61 -35 37 09.1 [SRH2010] 9 120               2025  39  1
503 03 38 29.69 -35 31 08.2 [SRH2010] 86 50               1453  24  1
504 03 38 30.03 -35 33 27.3 [SRH2010] GS04-M07 135        1491  23  1
505 03 38 30.17 -35 28 47.9 [BAL2007] gc172.2a            1946   8  3
506 03 38 30.18 -35 25 07.8 [SRH2010] 78 113              1019  31  1
507 03 38 30.20 -35 21 31.1 FCOS 0-2032                   1402  73  6
508 03 38 30.40 -35 34 20.7 [SRH2010] GS04-M07 93         1263  10  3
509 03 38 30.68 -35 27 46.3 FCOS 0-2033                   1400 113  6
510 03 38 30.74 -35 24 40.5 [SRH2010] 77 40               1302  20  1
511 03 38 30.78 -35 39 56.6 [SRH2010] 9 71                1676   9  3
512 03 38 30.97 -35 31 56.8 [SRH2010] 86 35               1880  29  1
513 03 38 30.98 -35 24 38.7 [SRH2010] 78 110              1642  43  1
514 03 38 31.35 -35 24 16.9 [SRH2010] 78 109              1720  64  2
515 03 38 31.38 -35 20 11.3 [SRH2010] 13 16               1711  49  1
516 03 38 31.43 -35 30 05.9 [SRH2010] 86 69               1670  30  1
517 03 38 31.59 -35 29 43.4 [SRH2010] 86 75               1231  29  1
518 03 38 31.61 -35 24 53.4 [SRH2010] 77 35               1515  26  1
519 03 38 31.64 -35 24 33.1 [SRH2010] 78 108              1156  31  2
520 03 38 31.75 -35 30 58.9 [SRH2010] 86 53               1627  32  2
521 03 38 31.75 -35 29 28.7 [SRH2010] 86 80               1184  82  1
522 03 38 31.89 -35 30 32.7 [SRH2010] 86 60               1289  34  1
523 03 38 31.99 -35 14 52.4 [SRH2010] 13 109              1528  37  1
524 03 38 32.08 -35 28 12.8 FCOS 0-2072                   1559 102  6
525 03 38 32.09 -35 33 24.1 [SRH2010] 86 13               1580  23  2
526 03 38 32.13 -35 24 54.7 [SRH2010] 78 106              1263  25  1
527 03 38 32.43 -35 37 47.2 [SRH2010] 9 109               1685  29  1
528 03 38 32.49 -35 17 12.8 [SRH2010] 13 71               1296  34  1
529 03 38 32.60 -35 29 58.4 [SRH2010] 86 71               1318  23  2
530 03 38 32.61 -35 25 29.5 [SRH2010] 77 25               1686  37  2
531 03 38 32.85 -35 16 18.6 [SRH2010] 13 86               1633  48  1
532 03 38 32.88 -35 30 22.6 [SRH2010] 86 63               1813  52  2
533 03 38 32.97 -35 29 01.3 [SRH2010] 86 89               1819  42  2
534 03 38 33.26 -35 25 18.9 [SRH2010] 78 102              1040  43  2
535 03 38 33.29 -35 40 46.0 [SRH2010] 9 57                1744  52  1
536 03 38 33.38 -35 32 28.9 [SRH2010] 86 26               1862  15  1
537 03 38 33.39 -35 19 47.2 [SRH2010] 13 24               1403  53  1
538 03 38 33.48 -35 22 12.1 [SRH2010] 77 86                808  46  2
539 03 38 33.58 -35 31 50.7 [SRH2010] 86 37               1736  31  1
540 03 38 33.58 -35 23 23.9 [SRH2010] 77 63               1176  40  1
541 03 38 33.63 -35 25 08.8 [SRH2010] 77 30               1401  58  1
542 03 38 33.82 -35 25 57.1 FCOS 1-2095                   1245 220  6
543 03 38 33.87 -35 25 21.6 [SRH2010] 78 100              1321  23  1
544 03 38 33.92 -35 21 54.5 [SRH2010] 77 92               1235  23  1
545 03 38 34.01 -35 28 44.7 [SRH2010] 86 94               1938  33  2
546 03 38 34.03 -35 31 55.1 [SRH2010] 86 36               1182  54  1
547 03 38 34.06 -35 36 08.4 [SRH2010] GS04-M07 21         1521  34  1
548 03 38 34.11 -35 33 53.9 [SRH2010] 86 6                1519  30  1
549 03 38 34.27 -35 30 48.3 [SRH2010] 86 56               1946  34  1
550 03 38 34.28 -35 24 35.4 [DRG2004] 77:42               1288  58  2
551 03 38 34.33 -35 33 58.6 [SRH2010] 86 4                1502  17  2
552 03 38 34.47 -35 34 31.1 [SRH2010] GS04-M07 69         1307  31  1
553 03 38 34.58 -35 25 36.5 [SRH2010] 77 23               1228  28  1
554 03 38 34.75 -35 29 12.0 [SRH2010] 86 85               1561  22  2
555 03 38 34.76 -35 25 40.9 [SRH2010] 78 98               1497  49  1
556 03 38 34.93 -35 25 46.9 [SRH2010] 77 20               1282  42  2
557 03 38 35.15 -35 39 05.6 [SRH2010] 9 86                1539  35  1
558 03 38 35.23 -35 23 18.5 [SRH2010] 77 65               1061  39  1
559 03 38 35.25 -35 25 39.1 [SRH2010] 78 96               1614  27  1
560 03 38 35.36 -35 30 35.8 [SRH2010] 86 59               1516  17  1
561 03 38 35.49 -35 25 29.4 [SRH2010] 78 95               1276  23  1
562 03 38 35.66 -35 20 05.7 [SRH2010] 77 127              1546  27  2
563 03 38 35.66 -35 31 02.0 [SRH2010] 86 52               1395  18  2
564 03 38 35.67 -35 27 15.7 FCOS 0-2074                   2274 112  6
565 03 38 35.79 -35 25 34.0 [SRH2010] 77 24               1319  28  1
566 03 38 35.81 -35 24 48.2 [SRH2010] 77 37               1304  33  1
567 03 38 35.91 -35 22 49.3 [SRH2010] 77 75               1535  28  2
568 03 38 35.95 -35 32 36.4 [SRH2010] 86 24               1471  17  2
569 03 38 36.08 -35 32 16.8 [SRH2010] 86 29               1371  16  2
570 03 38 36.13 -35 32 11.8 [KGM99] aat 36                1038 150  9
571 03 38 36.76 -35 31 36.7 [SRH2010] 86 42               1566  30  2
572 03 38 36.77 -35 29 54.2 [SRH2010] 86 72               1563  42  1
573 03 38 36.82 -35 24 19.1 [SRH2010] 77 47               1411  38  1
574 03 38 36.85 -35 28 09.3 [GDE2009] UCD 40              1365  56  5
575 03 38 37.00 -35 37 16.9 [SRH2010] 10 119              2024  47  1
576 03 38 37.07 -35 20 51.9 [SRH2010] 77 112              1563  35  1
577 03 38 37.22 -35 28 12.9 [BAL2007] gc221.2             1578  15  3
578 03 38 37.60 -35 32 25.3 [SRH2010] 86 27               1393  56  2
579 03 38 37.67 -35 39 45.7 [SRH2010] 10 72               1795  70  1
580 03 38 37.71 -35 26 01.5 [SRH2010] 78 88               1385  49  2
581 03 38 37.73 -35 28 17.8 [DRG2004] 86:101              1264  38  2
582 03 38 37.78 -35 21 12.7 [SRH2010] 77 106               856  51  2
583 03 38 37.82 -35 22 33.6 [SRH2010] 77 80               1258  21  2
584 03 38 37.98 -35 23 32.9 [BAL2007] gc613.2             1050  15  3
585 03 38 38.00 -35 28 00.8 [SRH2010] 86 107              1382  18  1
586 03 38 38.09 -35 26 14.9 [SRH2010] 77 12               2008  49  1
587 03 38 38.10 -35 33 26.9 [SRH2010] 86 12               1861  24  2
588 03 38 38.14 -35 26 46.6 [SRH2010] 77 2                1800  13  3
589 03 38 38.16 -35 43 42.0 [SRH2010] 10 8                2378 105  1
590 03 38 38.24 -35 15 22.1 [SRH2010] 13 102              1769  82  1
591 03 38 38.24 -35 23 31.4 [SRH2010] 77 61               1925  23  1
592 03 38 38.25 -35 30 38.8 [SRH2010] 86 58               1122  18  1
593 03 38 38.25 -35 24 43.2 [SRH2010] 77 39               1797  33  1
594 03 38 38.29 -35 21 26.4 [SRH2010] 77 102              1552  31  1
595 03 38 38.29 -35 38 00.4 [SRH2010] 10 106              1406  46  1
596 03 38 38.43 -35 26 02.5 [SRH2010] 77 16               1391  43  1
597 03 38 38.44 -35 31 05.5 [SRH2010] 86 51               1565  23  1
598 03 38 38.46 -35 26 13.6 [SRH2010] 78 85               1528  54  1
599 03 38 38.46 -35 23 50.5 [SRH2010] 77 55               1478  37  1
600 03 38 38.50 -35 29 26.0 [SRH2010] 86 81               1300  16  1
601 03 38 38.55 -35 27 51.9 [SRH2010] 86 110              1524  17  1
602 03 38 38.61 -35 33 35.2 [SRH2010] 86 10               1606  22  1
603 03 38 38.63 -35 24 58.8 [SRH2010] 76 38               1012  36  1
604 03 38 38.64 -35 24 26.9 [SRH2010] 77 45               1566  39  1
605 03 38 38.75 -35 25 42.7 [SRH2010] 77 21               1647  18  1
606 03 38 38.78 -35 20 39.6 [SRH2010] 77 115              1471  57  2
607 03 38 38.78 -35 25 54.9 [SRH2010] 78 84               1019  18  1
608 03 38 38.80 -35 25 04.2 [SRH2010] 77 31               1247  30  1
609 03 38 38.87 -35 26 38.4 [SRH2010] 77 4                1303  43  2
610 03 38 38.92 -35 31 32.4 [SRH2010] 86 43               1833  25  2
611 03 38 38.93 -35 28 56.1 [SRH2010] 86 91               1337  38  2
612 03 38 38.98 -35 32 56.0 [SRH2010] 86 19               1387  31  1
613 03 38 39.03 -35 27 37.6 [SRH2010] 86 113              1239  21  1
614 03 38 39.08 -35 24 32.8 [SRH2010] 77 43               1391  33  2
615 03 38 39.12 -35 33 40.9 [SRH2010] 86 9                1472  20  1
616 03 38 39.21 -35 28 13.9 [SRH2010] 86 102              2249  38  2
617 03 38 39.23 -35 32 01.1 [SRH2010] 86 33               1623  20  1
618 03 38 39.34 -35 27 06.0 [GDE2009] UCD 42              1610  40  7
619 03 38 39.36 -35 28 47.9 [KGM99] aat 39                1639 150  9
620 03 38 39.42 -35 25 41.7 [SRH2010] 78 82               1387  23  2
621 03 38 39.56 -35 29 16.0 [SRH2010] 86 84               1088  22  2
622 03 38 39.72 -35 31 23.0 [SRH2010] 86 46               1423  31  2
623 03 38 40.05 -35 29 20.4 [SRH2010] 86 83               1781  20  1
624 03 38 40.22 -35 31 44.8 [SRH2010] 86 39               1455  14  1
625 03 38 40.24 -35 21 09.0 [SRH2010] 76 108              1293  38  1
626 03 38 40.26 -35 29 07.6 [SRH2010] 86 87                930  18  1
627 03 38 40.27 -35 21 33.1 [SRH2010] 76 101              1893  26  1
628 03 38 40.28 -35 31 17.4 [SRH2010] 86 48               1328  12  2
629 03 38 40.33 -35 21 39.7 [SRH2010] 76 98               1571  22  1
630 03 38 40.41 -35 28 47.4 [SRH2010] 86 93               1353  13  1
631 03 38 40.42 -35 22 53.2 [SRH2010] 76 76               1954  27  1
632 03 38 40.48 -35 26 47.1 [SRH2010] 76 2                1760  53  1
633 03 38 40.56 -35 29 24.1 [SRH2010] 86 82               1009  22  1
634 03 38 40.56 -35 20 06.0 [DRG2004] 76:123              1280  57  2
635 03 38 40.56 -35 29 09.6 [SRH2010] 86 86                660  16  2
636 03 38 40.59 -35 27 34.3 [SRH2010] 86 114              1517  54  1
637 03 38 40.70 -35 27 49.9 [KGM99] aat 42                1504 150  9
638 03 38 40.72 -35 26 08.0 [SRH2010] 77 14               1222  66  2
639 03 38 40.73 -35 26 20.7 [SRH2010] 76 10               1826  38  1
640 03 38 40.79 -35 29 34.2 [SRH2010] 86 78               1210  24  2
641 03 38 40.83 -35 24 32.7 [SRH2010] 76 46               1349  32  2
642 03 38 40.87 -35 31 39.2 [SRH2010] 86 41               1811  37  2
643 03 38 41.02 -35 22 42.0 [SRH2010] 76 80               1665  17  1
644 03 38 41.24 -35 25 23.4 [DRG2004] 76:30               1680  66  2
645 03 38 41.35 -35 28 46.4 FCOS 1-2080                   1647 124  6
646 03 38 41.38 -35 28 53.3 [SRH2010] 86 92                961  26  1
647 03 38 41.43 -35 27 41.0 [SRH2010] 86 112               891  22  2
648 03 38 41.53 -35 34 02.4 [SRH2010] 7 46                1941  69  1
649 03 38 41.60 -35 31 37.1 [SRH2010] 7 86                1464  43  1
650 03 38 41.61 -35 26 42.2 [SRH2010] 77 3                1783  28  2
651 03 38 41.81 -35 24 43.0 [SRH2010] 76 43               1536  24  2
652 03 38 41.82 -35 23 04.8 [SRH2010] 76 73               1483  30  1
653 03 38 41.84 -35 26 00.6 [SRH2010] 76 18               1874  18  1
654 03 38 41.92 -35 29 48.5 [BAL2007] gc91.20             1484   9  3
655 03 38 41.95 -35 33 13.0 [FDE2007] J033841.94-353313.0 2010   5  4
656 03 38 41.97 -35 37 11.4 [SRH2010] 10 121              1760  51  1
657 03 38 41.98 -35 28 03.6 [SRH2010] 86 106               878  48  1
658 03 38 42.03 -35 37 37.4 [SRH2010] 10 113              1341  99  1
659 03 38 42.07 -35 26 18.7 [SRH2010] 76 11               1405  22  1
660 03 38 42.20 -35 25 55.0 [SRH2010] 77 18               1762  36  1
661 03 38 42.28 -35 33 34.9 [SRH2010] 7 55                2016  47  1
662 03 38 42.30 -35 26 11.9 [SRH2010] 78 71               1327  35  2
663 03 38 42.34 -35 38 24.6 [SRH2010] 10 98               1378  75  1
664 03 38 42.39 -35 26 33.9 [SRH2010] 76 6                1404  42  1
665 03 38 42.39 -35 21 16.8 [SRH2010] 76 106              1895  32  1
666 03 38 42.55 -35 26 12.7 [SRH2010] 76 13               1120  30  1
667 03 38 42.56 -35 41 40.8 [SRH2010] 10 43               2033  27  1
668 03 38 43.06 -35 23 21.4 [SRH2010] 76 67               1565  29  2
669 03 38 43.06 -35 16 47.8 [SRH2010] 13 78               1395  90  1
670 03 38 43.14 -35 29 39.6 [SRH2010] 86 76               1369  28  1
671 03 38 43.27 -35 24 14.4 [SRH2010] 76 51                496  43  2
672 03 38 43.33 -35 33 44.5 [SRH2010] 7 52                1657  57  1
673 03 38 43.41 -35 21 58.9 [SRH2010] 76 93               1424  23  1
674 03 38 43.41 -35 25 40.2 [SRH2010] 76 24               1977  43  2
675 03 38 43.44 -35 28 06.4 [SRH2010] 86 105               555  25  2
676 03 38 43.52 -35 26 03.8 [SRH2010] 78 66               1381  40  2
677 03 38 43.53 -35 33 08.0 [BAL2007] gc465.7             1743  13  3
678 03 38 43.57 -35 24 04.1 [SRH2010] 76 54               1557  29  1
679 03 38 43.59 -35 30 22.9 [SRH2010] 7 109               1880  43  1
680 03 38 43.68 -35 31 40.9 [SRH2010] 7 85                1677  48  1
681 03 38 43.96 -35 30 19.7 [SRH2010] 7 110               1655  41  1
682 03 38 44.00 -35 25 04.3 [SRH2010] 76 36               1467  27  1
683 03 38 44.09 -35 19 01.7 FCOS 0-2041                   1287  66  6
684 03 38 44.09 -35 39 32.5 [SRH2010] 10 77               1672  68  1
685 03 38 44.21 -35 24 53.7 [SRH2010] 76 40               1194  37  2
686 03 38 44.26 -35 30 28.4 [SRH2010] 7 107               1957  42  1
687 03 38 44.27 -35 35 40.3 [SRH2010] 7 14                2084  50  1
688 03 38 44.36 -35 22 59.9 [SRH2010] 76 74               1317  82  1
689 03 38 44.41 -35 30 06.5 [SRH2010] 7 114               1249  35  1
690 03 38 44.56 -35 23 30.0 [SRH2010] 76 65               1454  96  1
691 03 38 44.76 -35 31 52.2 [SRH2010] 7 83                1748  20  1
692 03 38 44.79 -35 25 22.4 [DRG2004] 78:61                843  68  2
693 03 38 44.89 -35 37 30.8 [SRH2010] 10 115              2017  15  1
694 03 38 44.95 -35 30 13.1 [SRH2010] 86 67                781  18  1
695 03 38 45.19 -35 34 42.4 [SRH2010] 7 32                1642  19  1
696 03 38 45.64 -35 23 42.2 [SRH2010] 76 61               1146  44  2
697 03 38 45.82 -35 34 26.8 [FDE2007] J033845.80-353426.6 1845  87  5
698 03 38 45.88 -35 25 28.2 [SRH2010] 76 28               1665  38  1
699 03 38 45.91 -35 43 36.0 [SRH2010] 10 10               1518  50  1
700 03 38 45.91 -35 24 41.6 [DRG2004] 78:58               1158  64  2
701 03 38 46.17 -35 34 31.4 [SRH2010] 7 36                1740  38  1
702 03 38 46.40 -35 25 54.0 [SRH2010] 76 20               1282  31  2
703 03 38 46.42 -35 37 23.1 [SRH2010] 10 117              2052  10  3
704 03 38 46.48 -35 40 23.9 [SRH2010] 10 61               1402  52  1
705 03 38 46.50 -35 30 48.2 [SRH2010] 7 101               1854  50  1
706 03 38 46.51 -35 32 40.3 [SRH2010] 7 68                 688  37  1
707 03 38 46.92 -35 23 48.5 [SRH2010] 76 59               1680  30  1
708 03 38 47.02 -35 20 50.6 [SRH2010] 76 112              1074  62  1
709 03 38 47.33 -35 24 50.3 [SRH2010] 76 41               1050  23  1
710 03 38 47.34 -35 34 55.5 [SRH2010] 7 27                1983  38  1
711 03 38 47.41 -35 37 13.5 [FDE2007] J033847.41-353713.6 1893  68  5
712 03 38 47.42 -35 23 09.5 [SRH2010] 76 70                785  72  1
713 03 38 47.44 -35 37 49.9 [SRH2010] 10 109              2005  39  1
714 03 38 47.51 -35 26 06.1 [SRH2010] 76 16               1602  40  1
715 03 38 47.56 -35 38 38.0 [SRH2010] 10 94               1847  52  1
716 03 38 47.59 -35 32 03.5 [SRH2010] 7 80                1562  21  1
717 03 38 47.90 -35 34 27.0 [SRH2010] 7 37                1941  17  1
718 03 38 47.90 -35 24 47.6 [SRH2010] 76 42               2417  55  2
719 03 38 48.23 -35 24 54.2 [DRG2004] 75:35               1154  38  2
720 03 38 48.48 -35 25 05.1 [SRH2010] 78 48               1975  33  1
721 03 38 48.86 -35 27 43.9 FCOS 1-2089                   1821 150  9
722 03 38 48.92 -35 22 49.9 [SRH2010] 75 71               1688  42  1
723 03 38 48.94 -35 21 22.4 [SRH2010] 76 104              1704  28  1
724 03 38 48.99 -35 33 57.1 [SRH2010] 7 48                1240  38  1
725 03 38 49.02 -35 35 33.1 [BAL2007] gc1404w             1730  36  3
726 03 38 49.05 -35 39 05.0 [SRH2010] 10 85               1441  25  1
727 03 38 49.16 -35 21 42.2 [SRH2010] 75 92                889  18  2
728 03 38 49.34 -35 22 59.0 [SRH2010] 75 68               1335  55  2
729 03 38 49.36 -35 38 30.5 [SRH2010] 10 96               2189  38  1
730 03 38 49.37 -35 34 02.1 [SRH2010] 84 6                1894  52  2
731 03 38 49.51 -35 29 39.0 [SRH2010] 7 123               1949  12  3
732 03 38 49.74 -35 24 57.8 [SRH2010] 75 34               1408  40  1
733 03 38 49.83 -35 34 49.5 [SRH2010] 7 29                1782  39  1
734 03 38 49.85 -35 23 35.8 [SRH2010] 76 63                972  16  3
735 03 38 50.40 -35 22 07.8 [SRH2010] 75 85               1557  20  1
736 03 38 50.59 -35 26 32.5 [DRG2004] 75:8                1137  65  2
737 03 38 50.60 -35 24 29.2 [SRH2010] 75 43               1662  26  2
738 03 38 50.69 -35 24 27.0 [SRH2010] 75 44               1371  34  2
739 03 38 50.74 -35 24 48.2 [SRH2010] 75 37               1293  47  2
740 03 38 51.08 -35 24 20.8 [SRH2010] 75 46               1268  26  1
741 03 38 51.32 -35 33 54.8 [SRH2010] 84 8                1525  31  1
742 03 38 51.61 -35 36 10.6 [BAL2007] gc1404s             2174  16  3
743 03 38 51.66 -35 27 34.9 [SRH2010] 84 110              1154  30  2
744 03 38 51.73 -35 29 39.5 [DRG2004] 84:73               2039  72  2
745 03 38 51.92 -35 24 30.9 [DRG2004] 78:35               1046 137  2
746 03 38 52.05 -35 35 15.0 [BAL2007] gc1404n             1816  16  3
747 03 38 52.32 -35 31 29.6 [SRH2010] 7 88                 813  43  1
748 03 38 52.37 -35 32 23.6 [SRH2010] 84 31               1406  36  1
749 03 38 52.69 -35 26 40.7 [DRG2004] 76:4                1175  44  2
750 03 38 52.79 -35 32 26.9 [SRH2010] 7 72                1093  42  1
751 03 38 52.93 -35 26 35.6 [SRH2010] 75 7                1234  78  1
752 03 38 53.08 -35 25 27.4 [DRG2004] 75:25               1804  57  2
753 03 38 53.15 -35 31 01.4 [SRH2010] 84 53               1772  32  1
754 03 38 53.25 -35 36 51.8 [BAL2007] gc269.8             2000  13  3
755 03 38 54.03 -35 31 57.8 [SRH2010] 84 39               1487  15  2
756 03 38 54.05 -35 33 33.4 [FDE2007] J033854.05-353333.6 1491   2  4
757 03 38 54.21 -35 24 36.3 [DRG2004] 78:28                811  48  2
758 03 38 54.26 -35 21 37.9 [SRH2010] 75 93               1221  59  1
759 03 38 54.38 -35 24 43.3 [SRH2010] 75 39               1335  58  1
760 03 38 54.41 -35 31 14.0 [SRH2010] 84 49               1000  27  1
761 03 38 54.58 -35 35 30.3 [BAL2007] gc1404e             1911  44  3
762 03 38 54.69 -35 29 44.2 [SRH2010] 84 72               1699  19  2
763 03 38 54.71 -35 30 16.2 [SRH2010] 84 64               1034  32  1
764 03 38 54.78 -35 29 15.8 [DRG2004] 84:80               1936  54  2
765 03 38 54.89 -35 33 46.5 [SRH2010] 84 10               1542  58  1
766 03 38 54.98 -35 32 15.7 [SRH2010] 84 33               1325  47  1
767 03 38 55.03 -35 29 35.7 [SRH2010] 84 74               1574  25  2
768 03 38 55.04 -35 32 53.1 [SRH2010] 7 65                1936  60  1
769 03 38 55.10 -35 22 42.1 [SRH2010] 75 73               1365  56  1
770 03 38 55.22 -35 21 57.2 [SRH2010] 75 88               1175  31  1
771 03 38 55.40 -35 30 21.8 [DRG2004] 84:63               1076  37  2
772 03 38 55.55 -35 26 52.4 [SRH2010] 75 1                1328  39  1
773 03 38 55.60 -35 30 51.7 [SRH2010] 84 55               2121  55  1
774 03 38 55.86 -35 24 59.8 [SRH2010] 75 33               1616  38  2
775 03 38 56.18 -35 24 48.9 FCOS 1-063                     645  45  7
776 03 38 56.39 -35 23 36.9 [SRH2010] 75 56                647  58  1
777 03 38 56.55 -35 28 28.6 [SRH2010] 84 94               1382  22  1
778 03 38 56.88 -35 27 42.9 [SRH2010] 84 107               584  42  1
779 03 38 57.04 -35 32 08.0 [SRH2010] 84 35               1344  18  1
780 03 38 57.39 -35 24 50.3 [SRH2010] 75 36                893  17  2
781 03 38 57.44 -35 31 42.5 [DRG2004] 84:42               1570  46  2
782 03 38 57.51 -35 28 19.2 [SRH2010] 84 96               1283  45  2
783 03 38 57.80 -35 21 12.3 [SRH2010] 75 99               1671  39  1
784 03 38 58.08 -35 26 28.0 [SRH2010] 78 13               1379  33  1
785 03 38 58.28 -35 30 13.2 [SRH2010] 84 65               1212  30  1
786 03 38 58.31 -35 32 28.7 [SRH2010] 84 30               1741  31  2
787 03 38 58.48 -35 26 28.2 [DRG2004] 78:12               1048  18  2
788 03 38 58.85 -35 25 05.9 [SRH2010] 78 11               1635  39  1
789 03 38 59.06 -35 20 32.8 [SRH2010] 75 111              1603  70  1
790 03 38 59.09 -35 29 54.1 [SRH2010] 84 69               1948  36  2
791 03 38 59.31 -35 33 43.5 [SRH2010] 84 11               2016  15  3
792 03 38 59.40 -35 21 29.8 [SRH2010] 75 95                760  44  2
793 03 39 00.41 -35 26 09.9 [SRH2010] 75 14               1813  40  2
794 03 39 00.69 -35 30 32.4 [SRH2010] 84 60               1311  23  2
795 03 39 00.83 -35 20 49.8 [SRH2010] 75 106              1519  45  1
796 03 39 01.44 -35 23 58.1 [DRG2004] 75:51               1715  93  2
797 03 39 01.49 -35 25 30.7 [SRH2010] 75 24               1093  43  1
798 03 39 01.50 -35 26 30.3 [SRH2010] 75 9                1934  39  1
799 03 39 03.86 -35 24 28.6 [BAL2007] gc280.1             1880  16  3
800 03 39 04.57 -35 15 35.2 [FDE2007] J033904.55-351535.2 1506   4  4
801 03 39 05.01 -35 26 53.7 [BAL2007] gc175.1             1057  10  3
802 03 39 05.62 -35 28 59.5 [BAL2007] gc89.10             1037  12  3
803 03 39 06.04 -35 34 49.6 [BAL2007] gc324.8             1540  10  3
804 03 39 06.47 -35 31 27.7 [SRH2010] GS03-M02 217         659  42  1
805 03 39 07.78 -35 31 56.7 [SRH2010] GS03-M01 169        1313  37  1
806 03 39 08.30 -35 30 41.0 [SRH2010] GS03-M01 208        1488  34  1
807 03 39 09.16 -35 27 29.8 [KGM99] aat 68                1166 150  9
808 03 39 09.18 -35 34 58.0 [BAL2007] gc378.8             1751  10  3
809 03 39 09.83 -35 30 16.6 [SRH2010] GS03-M02 198        1580  84  1
810 03 39 10.06 -35 24 04.3 [KGM99] aat 69                1938 150  9
811 03 39 10.49 -35 31 27.5 [SRH2010] GS03-M01 216        1393  20  1
812 03 39 11.28 -35 31 03.0 [SRH2010] GS03-M01 152        1421  19  1
813 03 39 11.84 -35 31 06.8 [SRH2010] GS03-M02 155        1351  31  1
814 03 39 14.23 -35 29 47.0 [SRH2010] GS03-M01 200        1351  21  1
815 03 39 14.23 -35 21 03.6 [SRH2010] 8 68                1387  61  1
816 03 39 14.40 -35 21 25.0 [SRH2010] 8 60                1672  32  1
817 03 39 15.09 -35 32 34.6 [SRH2010] GS03-M01 92         1741  15  1
818 03 39 15.34 -35 35 34.5 [FDE2007] J033915.34-353534.7 1528  13  4
819 03 39 15.84 -35 34 56.1 [BAL2007] gc376.8             1506  12  3
820 03 39 15.92 -35 33 40.2 [SRH2010] GS03-M01 55         1018  59  1
821 03 39 16.10 -35 29 45.1 [SRH2010] GS03-M02 144        1665  44  1
822 03 39 16.31 -35 30 00.1 [KGM99] aat 71                1843 150  9
823 03 39 17.68 -35 25 30.1 [BAL2007] gc241.1             1026   5  4
824 03 39 19.07 -35 34 06.8 [SRH2010] GS03-M01 32         1526  10  3
825 03 39 20.51 -35 19 14.3 [SRH2010] 8 104               1462   5  4
826 03 39 21.39 -35 33 32.6 [SRH2010] GS03-M01 37         1464  84  1
827 03 39 21.53 -35 23 31.8 [SRH2010] 8 28                1744  96  1
828 03 39 22.03 -35 28 45.1 [BAL2007] gc101.1              693   7  3
829 03 39 22.26 -35 29 35.8 [SRH2010] GS03-M01 131        1158  79  1
830 03 39 22.64 -35 34 10.9 [SRH2010] GS03-M02 19         1217  29  1
831 03 39 22.94 -35 32 33.1 [SRH2010] GS03-M01 63         1203  62  1
832 03 39 23.17 -35 18 31.0 [SRH2010] 8 116               1051  60  1
833 03 39 23.92 -35 29 10.1 [SRH2010] GS03-M01 204        1252  46  1
834 03 39 24.55 -35 20 34.2 [SRH2010] 8 78                1260  69  1
835 03 39 24.67 -35 05 17.7 [FDE2007] J033924.66-350517.6 1315  10  4
836 03 39 26.85 -35 33 48.9 [SRH2010] GS03-M02 15         1280  54  1
837 03 39 32.20 -35 33 33.7 [SRH2010] GS03-M01 7          1497  51  1
838 03 39 34.74 -35 53 44.2 [GDE2009] UCD 52              1528  74  5
839 03 39 35.92 -35 28 24.4 [BAL2007] ucdB                1886   3  4
840 03 39 36.04 -35 15 13.1 [FDE2007] J033936.05-351513.3 1520  12  4
841 03 39 37.16 -35 15 21.7 [FDE2007] J033937.16-351521.9 1912   6  4
842 03 39 39.43 -35 36 58.4 [BAL2007] gc152.5             1729   7  3
843 03 39 39.75 -35 25 51.6 [BAL2007] gc417.5             1141  15  3
844 03 39 39.85 -35 31 53.5 [BAL2007] gc317.5             1689  11  3
845 03 39 40.14 -35 18 35.4 [FDE2007] J033940.13-351835.7 1402   9  4
846 03 39 40.29 -35 28 53.6 [BAL2007] gc516.5             1414  14  3
847 03 39 43.11 -35 33 10.3 [BAL2007] gc269.5             1274  12  3
848 03 39 43.52 -35 26 59.1 [BAL2007] uc464.5             1274   7  3
849 03 39 44.27 -35 29 15.7 [BAL2007] gc391.5             1520  10  3
850 03 39 45.83 -35 17 46.1 [FDE2007] J033945.82-351746.3 1356   8  4
851 03 39 49.16 -35 34 46.0 [BAL2007] gc212.5             1770   8  3
852 03 39 52.54 -35 04 24.0 [FDE2007] J033952.54-350424.2 1274   4  4
853 03 39 53.64 -35 01 32.9 [FDE2007] J033953.63-350133.0 1409  11  4
854 03 39 57.55 -35 24 32.8 [BAL2007] gc6.400             1564   9  3
855 03 39 59.95 -35 26 31.6 [BAL2007] gc441.5             1775   9  3
856 03 40 00.72 -35 41 58.5 [FDE2007] J034000.71-354158.6 1452  10  4
857 03 40 00.99 -35 34 35.5 [BAL2007] gc223.5             1387   7  3
858 03 40 02.53 -35 36 48.6 [BAL2007] gc159.5             1741   6  3
859 03 40 02.81 -35 38 57.1 [BAL2007] gc70.50             1467   5  3
860 03 40 06.76 -35 29 27.2 [BAL2007] gc382.5             1274   5  3
861 03 40 08.11 -35 24 17.8 [BAL2007] gc13.40             1532   8  3
862 03 40 09.73 -35 36 11.0 [BAL2007] gc173.5             1898   9  3
863 03 40 11.40 -35 19 29.2 [BAL2007] gc172.4             1365   9  3
864 03 40 11.60 -35 27 09.4 [BAL2007] gc467.5             1424   9  3
865 03 40 12.55 -35 21 11.6 [BAL2007] gc115.4             1233   8  3
866 03 40 12.98 -35 27 03.4 [BAL2007] gc459.5             1366   9  3
867 03 40 19.89 -35 15 29.7 [FDE2007] J034019.89-351530.0 1608   6  4
868 03 40 21.41 -35 24 27.4 [BAL2007] gc6.300             1752   5  3
869 03 40 22.91 -35 33 50.5 [BAL2007] gc199.6             1040   5  3
870 03 40 23.32 -35 38 31.9 [BAL2007] gc71.60             1301   8  3
871 03 40 24.71 -35 35 13.5 [BAL2007] gc164.6              949  10  3
872 03 40 24.93 -35 06 37.3 [FDE2007] J034024.92-350637.5 1489  11  4
873 03 40 32.51 -35 36 22.8 [BAL2007] gc131.6             1465   5  3
874 03 40 37.06 -34 58 40.0 [GDE2009] UCD 59              1811 159  5
875 03 40 38.83 -35 34 42.9 [BAL2007] gc175.6             1693   7  3
876 03 40 40.88 -35 12 30.5 [BAL2007] gc398.3             1250  11  3
877 03 40 44.62 -35 36 46.6 [BAL2007] gc120.6             1241   9  3
878 03 40 45.97 -35 14 51.7 [BAL2007] gc311.3             1632  17  3
879 03 40 49.59 -35 32 46.6 [BAL2007] gc236.6             1479   5  3
880 03 41 03.83 -35 26 34.1 [BAL2007] gc395.7             1459   8  3
881 03 41 05.00 -35 17 45.4 [BAL2007] gc187.2             1575  12  3
882 03 41 05.01 -35 22 08.4 [BAL2007] gc69.20             1634   8  3
883 03 41 05.91 -35 26 38.0 [BAL2007] gc381.7              607   9  3
884 03 41 10.46 -35 34 57.3 [BAL2007] gc163.7             1448   7  3
885 03 41 11.31 -35 09 20.0 [BAL2007] gc388.2              555  12  3
886 03 41 13.61 -35 29 28.8 [BAL2007] gc332.7             1527  13  3
887 03 41 13.71 -35 18 17.5 [BAL2007] gc172.2b            1861   9  3
888 03 41 20.35 -35 28 46.2 [BAL2007] gc428.7             1514   6  3
889 03 41 20.53 -35 12 53.6 [BAL2007] gc350.2             1415   9  3
890 03 41 21.18 -35 21 46.1 [BAL2007] gc77.20             2076  20  3
891 03 41 29.52 -35 19 48.6 [BAL2007] gc129.2             1473   6  3
892 03 41 32.84 -35 11 37.2 [BAL2007] uc411.2             2076  11  3
893 03 41 35.83 -35 54 57.9 [GDE2009] UCD 60              1629  57  5
894 03 41 48.41 -35 17 40.2 [BAL2007] gc201.1             1295  10  3
895 03 41 49.46 -35 30 12.5 [BAL2007] gc304.8             1570  12  3
896 03 41 51.51 -35 11 24.7 [BAL2007] gc375.1             1907  27  3
897 03 42 00.13 -35 19 32.4 [BAL2007] gc152.1              947  15  3
898 03 42 11.92 -35 24 42.9 [BAL2007] gc2.100             1413   9  3
899 03 42 13.71 -35 22 41.0 [BAL2007] gc73.10             1398  12  3
900 03 42 14.51 -35 23 00.1 [BAL2007] gc67.10             1708  12  3
901 03 42 16.26 -35 24 06.1 [BAL2007] gc32.10             1399  12  3
902 03 42 17.04 -35 22 08.3 [BAL2007] gc85.10             1578  11  3
903 03 42 18.71 -35 22 40.2 [BAL2007] gc74.10             1468  13  3
904 03 43 08.11 -35 23 43.2 [FDK2008] J034308.16-352343.4 1271  24  8
