001 20.394 0.003 1 0.946 0.946   0.504   0.094   0.161   0.067  0  0 12
002 20.576 0.004 1 0.929 0.929   0.429   0.114   0.129   0.097  0  0 12
003 21.379 0.008 1 0.908 0.908   0.403   0.125   0.066   0.078  0  0 12
004 20.737 0.003 1 0.942 0.942   0.520   0.101   0.325   0.084  0  0  6
005 20.645 0.004 1 0.905 0.905   0.759   0.044   0.308   0.028  0  0  6
006 21.385 0.008 1 0.851 0.851 -99.000 -99.000 -99.000 -99.000  0  0  6
007 21.184 0.006 1 0.942 0.942   0.414   0.072   0.156   0.047  0  0  6
009 21.417 0.006 1 0.976 0.976   0.304   0.130   0.110   0.078  0  0  6
010 21.059 0.004 1 0.925 0.925   0.297   0.100   0.098   0.073  0  0  6
011 21.149 0.005 1 0.915 0.915   0.353   0.100   0.170   0.065  0  0  6
012 20.289 0.003 1 0.981 0.981   0.815   0.072   0.111   0.058 30 30  6
013 19.768 0.002 1 0.800 0.800   0.357   0.025   0.078   0.026  0  0  8
015 19.357 0.002 1 0.765 0.765   0.952   0.007   0.271   0.004 24 24  6
016 20.799 0.006 1 1.021 1.021   0.521   0.130   0.049   0.078  0  0  6
017 19.282 0.002 1 0.856 0.856   1.310   0.017   0.406   0.012 30 30  6
018 20.719 0.006 1 1.037 1.037 -99.000 -99.000 -99.000 -99.000  0  0  6
019 20.968 0.004 1 0.913 0.913   0.349   0.110   0.088   0.085  0  0  6
020 20.605 0.004 1 1.004 1.004 -99.000 -99.000 -99.000 -99.000  0  0  6
021 20.116 0.003 1 0.940 0.940   0.721   0.060   0.273   0.037 30 30  6
022 21.249 0.006 2 1.018 1.018 -99.000 -99.000 -99.000 -99.000  0  0  6
023 21.428 0.007 1 0.943 0.943   0.306   0.127   0.080   0.084  0  0  6
024 20.174 0.002 1 0.897 0.897   0.419   0.056   0.269   0.054  0  0  6
025 20.151 0.003 1 0.658 0.691   0.614   0.045   0.067   0.038 20 20 10
026 20.957 0.004 1 0.961 0.961   0.333   0.116   0.167   0.076  0  0  6
027 20.659 0.004 1 0.921 0.921   0.388   0.083   0.034   0.069  0  0  6
028 19.863 0.004 1 0.884 0.884 -99.000 -99.000 -99.000 -99.000  0  0  6
029 20.927 0.005 1 0.801 0.866   0.399   0.151   0.023   0.112  0  0  9
031 20.882 0.005 1 0.767 0.767   0.408   0.072   0.138   0.059  0  0  4
032 20.734 0.005 1 0.934 0.934 -99.000 -99.000 -99.000 -99.000  0  0  4
034 20.078 0.003 1 0.950 0.950   0.427   0.078   0.126   0.064  0  0  4
035 20.841 0.003 1 0.956 0.956 -99.000 -99.000 -99.000 -99.000  0  0  4
036 19.775 0.002 1 0.815 0.815 -99.000 -99.000 -99.000 -99.000  0  0  4
037 21.121 0.008 1 0.657 0.657   0.551   0.077   0.138   0.054  0  0  4
038 21.417 0.009 1 0.943 0.943   0.522   0.103   0.166   0.061  0  0  4
039 20.887 0.005 1 0.965 0.965   0.497   0.104   0.304   0.072  0  0  4
040 20.875 0.034 2 0.782 0.782   0.234   0.012   0.035   0.008  0  0  4
041 20.986 0.021 2 0.957 0.957 -99.000 -99.000 -99.000 -99.000  0  0  4
043 20.593 0.003 1 1.007 1.007 -99.000 -99.000 -99.000 -99.000  0  0  4
044 21.031 0.004 1 0.983 0.983 -99.000 -99.000 -99.000 -99.000  0  0  4
046 18.994 0.001 1 0.669 0.669   0.236   0.008   0.032   0.007 10 10  4
047 20.330 0.003 1 0.869 0.869   0.387   0.032   0.067   0.023  0 10  4
048 20.462 0.004 1 0.804 0.804   0.380   0.055   0.068   0.042 10 10  4
052 21.305 0.007 1 0.962 0.962   0.344   0.139   0.151   0.074  0  0  4
055 21.294 0.007 1 0.801 0.866   0.343   0.137   0.075   0.091  0  0  9
057 21.180 0.005 1 0.980 0.980   0.268   0.139   0.078   0.083  0  0  4
060 21.196 0.006 1 0.818 0.871   0.497   0.085   0.200   0.049  0  0  7
061 21.473 0.006 1 0.834 0.882   0.271   0.130   0.057   0.091  0  0  7
063 21.376 0.010 1 0.781 0.846   0.425   0.101   0.178   0.056  0  0  7
065 20.890 0.004 1 0.926 0.926   0.683   0.081   0.287   0.053  0  0  4
067 20.822 0.004 1 0.932 0.932   0.317   0.097   0.062   0.071  0  0  4
072 19.628 0.002 1 0.726 0.726   0.408   0.023   0.040   0.022 10 10  4
073 21.383 0.009 1 0.885 0.885   0.465   0.192   0.101   0.132  0  0  4
075 19.759 0.001 1 0.881 0.881   0.293   0.035   0.105   0.032  0  0  4
078 21.047 0.005 1 0.797 0.797   0.346   0.053   0.042   0.042  0  0  4
079 20.354 0.003 1 0.712 0.795   0.381   0.051   0.003   0.047 10 10  7
081 21.065 0.006 1 0.952 0.952   0.312   0.178   0.238   0.109  0  0  7
082 21.372 0.006 1 0.974 0.974   0.303   0.126   0.121   0.084  0  0  4
085 21.393 0.008 1 0.860 0.899   0.375   0.160   0.054   0.108  0  0  7
086 21.104 0.006 1 0.906 0.906   0.339   0.118   0.205   0.086  0  0  4
089 20.307 0.003 1 0.816 0.870   0.620   0.062   0.264   0.044 30 24  7
090 20.984 0.005 1 0.898 0.898   0.350   0.103   0.109   0.076  0  0  4
098 20.582 0.003 1 0.916 0.916   0.385   0.084   0.240   0.068  0  0  4
103 20.726 0.005 1 0.780 0.846   0.444   0.097   0.184   0.065  0  0  7
105 21.474 0.011 1 0.812 0.868   0.499   0.135   0.173   0.075  0  0  7
107 21.497 0.007 1 0.822 0.874   0.273   0.150   0.048   0.103  0  0  7
110 21.444 0.008 1 0.800 0.800   0.581   0.066   0.260   0.040  0  0  4
115 20.370 0.003 1 0.916 0.916   0.566   0.110   0.193   0.075 30 30  4
118 20.363 0.003 1 0.933 0.933   0.476   0.051   0.192   0.036  0  0  4
119 20.887 0.004 1 0.865 0.865   0.277   0.065   0.042   0.054  0  0  4
122 20.605 0.004 1 0.621 0.722   0.271   0.028   0.014   0.022  0  0  7
123 20.069 0.003 1 0.803 0.861   0.327   0.051   0.142   0.037  0 10  7
125 19.510 0.001 1 0.678 0.769   0.285   0.017   0.062   0.015 10 10  7
128 21.375 0.006 1 0.896 0.896   0.353   0.107   0.058   0.072  0  0  4
129 21.035 0.007 1 0.880 0.910   0.360   0.118   0.095   0.072  0  0  7
130 20.048 0.002 1 0.840 0.840   0.347   0.027   0.150   0.021  0 10  4
135 20.725 0.003 1 0.908 0.908   0.458   0.077   0.140   0.060  0  0  4
136 20.631 0.004 1 0.831 0.831   0.495   0.087   0.073   0.069  0  0  4
138 21.047 0.006 1 0.856 0.856   0.398   0.106   0.212   0.066  0  0  4
139 20.980 0.004 1 0.905 0.905   0.322   0.086   0.132   0.061  0  0  4
140 20.484 0.003 1 0.753 0.826   0.383   0.055   0.140   0.044 10 10  7
152 20.414 0.002 1 0.894 0.894   0.401   0.077   0.057   0.068  0  0  5
154 21.155 0.004 1 0.874 0.874   0.341   0.095   0.097   0.066  0  0  5
158 20.972 0.004 1 0.852 0.852   0.357   0.083   0.099   0.059  0  0  5
172 20.848 0.004 1 0.766 0.766   0.421   0.041   0.110   0.032  0  0  5
174 21.312 0.005 1 0.845 0.845   0.339   0.083   0.244   0.055  0  0  5
184 21.081 0.004 1 0.866 0.866   0.258   0.079   0.055   0.069  0  0  5
185 21.010 0.004 1 0.887 0.887   0.307   0.108   0.017   0.089  0  0  5
186 20.734 0.004 1 0.853 0.853   0.490   0.087   0.085   0.067  0  0  5
190 20.927 0.005 1 0.847 0.847   0.444   0.098   0.183   0.068  0  0  5
191 21.128 0.006 1 0.806 0.806   0.374   0.088   0.111   0.062  0  0  5
192 20.700 0.003 1 0.803 0.803   0.483   0.041   0.188   0.030  0  0  5
194 21.266 0.005 1 0.871 0.871   0.217   0.095   0.126   0.067  0  0  5
195 21.009 0.004 1 0.901 0.901   0.527   0.068   0.248   0.043  0  0  5
202 21.366 0.006 1 0.869 0.869   0.288   0.137   0.109   0.092  0  0  5
209 21.423 0.005 1 0.862 0.862   0.264   0.134   0.228   0.096  0  0  5
210 21.171 0.005 1 0.848 0.848   0.261   0.099   0.252   0.070  0  0  5
211 21.205 0.005 1 0.852 0.852   0.283   0.085   0.107   0.058  0  0  5
220 21.436 0.006 1 0.896 0.896   0.323   0.103   0.093   0.066  0  0  5
221 20.987 0.004 1 0.930 0.930   0.342   0.087   0.192   0.054  0  0  5
223 20.743 0.003 1 0.898 0.898   0.264   0.087   0.179   0.081  0  0  5
228 18.576 0.001 1 0.802 0.802   0.265   0.009   0.046   0.009  0  0  5
233 21.272 0.006 1 0.872 0.872   0.425   0.122   0.089   0.093  0  0  5
235 21.498 0.006 1 0.866 0.866   0.209   0.095   0.117   0.072  0  0  5
236 18.835 0.001 1 0.728 0.728   0.241   0.009   0.129   0.008 10 10  5
237 19.708 0.001 1 0.774 0.774   0.362   0.023   0.046   0.025  0 10  5
245 21.094 0.004 1 0.831 0.831   0.296   0.087   0.206   0.065  0  0  5
246 21.360 0.005 1 0.898 0.898   0.238   0.117   0.077   0.088  0  0  5
250 21.375 0.006 1 0.889 0.889   0.263   0.105   0.112   0.072  0  0  5
254 20.736 0.003 1 0.958 0.958   0.520   0.093   0.080   0.069  0  0  5
259 20.847 0.003 1 0.889 0.889   0.404   0.096   0.172   0.083  0  0  5
260 20.803 0.004 1 0.964 0.964   0.543   0.090   0.213   0.063  0  0  5
263 21.267 0.005 1 0.816 0.816   0.602   0.096   0.136   0.089  0  0  5
265 21.296 0.005 1 0.903 0.903   0.295   0.113   0.121   0.077  0  0  5
266 21.010 0.004 1 0.887 0.887   0.572   0.095   0.059   0.096  0  0  5
267 20.471 0.003 1 0.895 0.895   0.532   0.092   0.156   0.068  0  0  5
271 21.022 0.005 1 0.858 0.858   0.430   0.069   0.153   0.038  0  0  5
276 21.458 0.008 1 0.948 0.948   0.388   0.166   0.026   0.114  0  0  5
278 19.318 0.001 1 0.842 0.842   0.449   0.023   0.096   0.022  0  0  5
282 19.463 0.001 1 0.772 0.772   0.198   0.016   0.058   0.015  0 10  5
287 21.057 0.004 1 0.933 0.933   0.323   0.131   0.077   0.118  0  0  5
288 21.317 0.005 1 0.924 0.924   0.274   0.109   0.120   0.089  0  0  5
289 21.327 0.006 1 0.814 0.814   0.417   0.093   0.083   0.075  0  0  5
290 20.470 0.003 1 0.846 0.846   0.854   0.049   0.334   0.035 30 24  5
292 20.109 0.002 1 0.859 0.859   0.483   0.050   0.238   0.038  0 14  5
293 21.057 0.005 1 0.913 0.913   0.426   0.115   0.220   0.080  0  0  5
302 20.430 0.003 1 0.909 0.909   0.326   0.073   0.190   0.061  0  0  5
303 21.233 0.006 1 0.860 0.860   0.291   0.083   0.064   0.057  0  0  5
305 21.392 0.008 1 0.877 0.877   0.493   0.107   0.154   0.062  0  0  5
306 20.688 0.004 1 0.849 0.849   0.859   0.070   0.164   0.051  0  0  5
308 21.427 0.006 1 0.888 0.888   0.242   0.106   0.063   0.074  0  0  5
311 21.171 0.006 1 0.936 0.936   0.459   0.132   0.205   0.079  0  0  5
312 20.902 0.004 1 0.888 0.888   0.411   0.093   0.102   0.074  0  0  5
315 21.292 0.006 1 0.855 0.855   0.357   0.069   0.069   0.047  0  0  5
316 20.602 0.003 1 0.926 0.926   0.462   0.075   0.265   0.054  0  0  5
319 20.614 0.003 1 0.896 0.896   0.382   0.083   0.138   0.066  0  0  5
323 20.874 0.004 1 0.882 0.882   0.383   0.096   0.184   0.072  0  0  5
325 20.484 0.003 1 0.655 0.655   0.260   0.030   0.014   0.029 10 10  5
327 21.473 0.007 1 0.857 0.857   0.483   0.079   0.234   0.048  0  0  5
332 21.038 0.006 1 0.882 0.882   0.404   0.088   0.170   0.063  0  0  5
346 20.081 0.002 1 0.794 0.794   0.367   0.033   0.043   0.031 10 10  5
347 21.192 0.006 1 0.899 0.899   0.343   0.115   0.221   0.075  0  0  5
348 19.658 0.002 1 0.768 0.768   0.225   0.012   0.036   0.010 10 10  5
350 21.109 0.006 1 0.943 0.943   0.408   0.099   0.189   0.060  0  0  5
360 20.683 0.003 1 0.919 0.919   0.438   0.098   0.162   0.073  0  0  5
364 20.133 0.003 1 0.821 0.821   0.444   0.058   0.124   0.053 10 10  5
366 20.742 0.004 1 0.906 0.906   0.420   0.093   0.151   0.064  0  0  5
367 21.158 0.006 1 0.909 0.909   0.526   0.077   0.481   0.044  0  0  5
375 20.593 0.005 1 0.842 0.842   0.663   0.098   0.283   0.066 30 24  1
378 20.981 0.004 1 0.873 0.873   0.335   0.111   0.143   0.087  0  0  5
380 21.224 0.005 1 0.886 0.886   0.409   0.083   0.036   0.050  0  0  5
381 20.467 0.003 1 0.851 0.851   0.407   0.069   0.222   0.058  0 14  5
384 21.306 0.006 1 0.830 0.830   0.314   0.085   0.210   0.061  0  0  5
390 20.389 0.004 1 0.906 0.906   0.705   0.075   0.331   0.053 30 30  5
391 20.627 0.003 1 0.886 0.886   0.442   0.068   0.092   0.051  0  0  5
392 21.181 0.006 1 0.842 0.842   0.363   0.068   0.220   0.049  0  0  5
394 20.650 0.004 1 0.906 0.906   0.396   0.079   0.205   0.056  0  0  5
399 20.249 0.002 1 0.797 0.797   0.451   0.037   0.012   0.034 10 10  5
403 20.935 0.005 1 0.874 0.874   0.491   0.101   0.123   0.076  0  0  5
407 20.891 0.006 1 0.867 0.867   0.644   0.058   0.378   0.032  0  0  5
408 21.340 0.007 1 0.863 0.863   0.459   0.139   0.149   0.097  0  0  5
409 20.695 0.006 1 0.919 0.919   0.771   0.106   0.204   0.065  0  0  5
413 21.209 0.007 1 0.849 0.849   0.500   0.112   0.104   0.071  0  0  5
416 21.132 0.006 1 0.905 0.905   0.471   0.126   0.027   0.089  0  0  5
424 21.434 0.007 1 0.911 0.911   0.438   0.098   0.186   0.065  0  0  5
427 20.795 0.005 1 0.979 0.979   0.510   0.132   0.266   0.079  0  0  5
436 20.950 0.010 1 0.920 0.920   0.526   0.110   0.096   0.068  0  0  5
438 20.795 0.005 1 0.867 0.867   0.469   0.090   0.066   0.066  0  0  5
441 20.650 0.005 1 0.842 0.842   0.648   0.085   0.170   0.070  0  0  1
448 19.853 0.002 1 0.928 0.928   0.540   0.039   0.390   0.032 30 30  5
449 20.787 0.006 1 0.945 0.945   0.573   0.112   0.199   0.070  0  0  5
452 19.728 0.002 1 0.633 0.633   0.410   0.012   0.281   0.009 14 14  5
457 21.279 0.006 1 0.912 0.912   0.418   0.089   0.221   0.053  0  0  5
460 19.540 0.002 1 0.780 0.780   0.639   0.025   0.208   0.023 30 24  1
470 20.255 0.003 1 0.948 0.948   0.763   0.087   0.182   0.067 30 30  5
473 19.818 0.002 1 0.848 0.848   0.658   0.039   0.171   0.032 30 30  5
474 21.022 0.006 1 0.851 0.851   0.652   0.094   0.251   0.058  0  0  1
476 20.162 0.003 1 0.961 0.961   0.785   0.112   0.153   0.082 30 30  5
479 20.963 0.005 1 0.951 0.951   0.402   0.120   0.210   0.086  0  0  5
481 20.956 0.005 1 0.916 0.916   0.540   0.103   0.380   0.064  0  0  5
483 20.964 0.005 1 0.919 0.919   0.379   0.103   0.245   0.069  0  0  5
487 20.673 0.004 1 0.836 0.836   0.418   0.066   0.055   0.056  0  0  5
488 21.193 0.007 1 0.950 0.950   0.389   0.098   0.143   0.064  0  0  5
489 20.456 0.004 1 0.944 0.944   0.641   0.074   0.131   0.054 30 30  5
492 20.900 0.008 1 0.904 0.904   0.730   0.072   0.178   0.039  0  0  5
493 21.353 0.009 1 0.879 0.879   0.559   0.082   0.151   0.047  0  0  5
494 21.458 0.009 1 0.876 0.876   0.496   0.101   0.192   0.055  0  0  5
495 21.476 0.012 1 0.916 0.916   0.803   0.098   0.223   0.051  0  0  5
496 19.784 0.002 1 0.866 0.866   0.602   0.040   0.134   0.032 30 30  5
497 20.965 0.006 1 0.980 0.980 -99.000 -99.000 -99.000 -99.000  0  0  5
500 19.591 0.002 1 0.888 0.888   0.695   0.035   0.192   0.030 30 30  5
501 20.931 0.005 1 0.963 0.963   0.444   0.115   0.032   0.098  0  0  5
505 20.904 0.006 1 0.874 0.874   0.537   0.106   0.112   0.073  0  0  2
506 21.355 0.010 1 0.882 0.882   0.405   0.124   0.119   0.081  0  0  2
507 20.511 0.003 1 0.894 0.894   0.681   0.060   0.185   0.048 30 30  2
508 20.679 0.006 1 0.907 0.907   0.550   0.131   0.109   0.089  0  0  2
509 20.200 0.003 1 0.849 0.849   0.583   0.073   0.170   0.059 30 20  2
510 20.866 0.005 1 0.902 0.902   0.651   0.134   0.155   0.092  0  0  2
511 20.651 0.005 1 0.836 0.836   0.546   0.084   0.184   0.065  0  0  2
522 21.464 0.011 1 0.898 0.898   0.590   0.120   0.063   0.062  0  0  2
523 21.365 0.009 1 0.827 0.827   0.474   0.101   0.170   0.070  0  0  1
524 20.609 0.005 1 0.907 0.907   0.642   0.090   0.216   0.063  0  0  2
526 21.406 0.009 1 0.930 0.930   0.445   0.115   0.194   0.062  0  0  2
527 21.270 0.008 1 0.901 0.901   0.610   0.126   0.056   0.074  0  0  2
528 20.900 0.006 1 0.855 0.855   0.654   0.095   0.162   0.063  0  0  1
533 21.298 0.008 1 0.892 0.892   0.544   0.111   0.228   0.065  0  0  2
535 21.049 0.010 1 0.837 0.837 -99.000 -99.000 -99.000 -99.000  0  0  2
536 21.369 0.008 1 0.929 0.929   0.443   0.130   0.193   0.076  0  0  2
537 21.334 0.009 1 0.832 0.832   0.472   0.092   0.134   0.061  0  0  2
542 20.065 0.003 1 0.928 0.928   0.728   0.069   0.182   0.061 30 30  2
543 21.192 0.012 1 0.895 0.895   0.554   0.088   0.198   0.046  0  0  2
547 21.274 0.008 1 0.842 0.842   0.476   0.102   0.100   0.073  0  0  2
548 21.284 0.008 1 0.877 0.877   0.581   0.110   0.156   0.074  0  0  2
551 21.189 0.009 1 0.885 0.885   1.026   0.064   0.388   0.031  0  0  2
557 21.277 0.007 1 0.830 0.830   0.675   0.083   0.093   0.056  0  0  2
559 21.383 0.009 1 0.857 0.857   0.581   0.090   0.123   0.058  0  0  2
561 21.182 0.007 1 0.936 0.936   0.815   0.102   0.250   0.058  0  0  2
563 20.866 0.005 1 0.939 0.939   0.703   0.137   0.139   0.090  0  0  2
564 20.219 0.007 1 0.904 0.904   0.620   0.090   0.150   0.051 30 30  2
565 21.446 0.008 1 0.940 0.940   0.554   0.139   0.181   0.082  0  0  2
570 21.204 0.008 1 0.651 0.651   0.351   0.034   0.389   0.031  0  0  2
574 19.916 0.003 1 0.736 0.736   0.364   0.020   0.084   0.019 10 10  2
577 20.985 0.007 1 0.929 0.929   0.578   0.125   0.191   0.075  0  0  2
584 20.523 0.003 1 0.914 0.914   0.659   0.074   0.275   0.061 30 30  2
588 20.709 0.005 1 0.896 0.896   0.983   0.094   0.279   0.063  0  0  2
592 21.172 0.008 1 0.921 0.921   0.545   0.143   0.112   0.086  0  0  2
595 21.388 0.008 1 0.876 0.876   0.579   0.175   0.143   0.122  0  0  2
597 21.325 0.008 1 0.929 0.929   0.549   0.158   0.094   0.107  0  0  2
600 21.384 0.008 1 0.913 0.913   0.515   0.138   0.047   0.087  0  0  2
601 21.087 0.008 1 0.916 0.916   0.670   0.145   0.180   0.093  0  0  2
604 21.441 0.008 1 0.881 0.881   0.665   0.121   0.132   0.076  0  0  2
605 21.383 0.008 1 0.905 0.905   0.562   0.122   0.112   0.074  0  0  2
607 20.877 0.005 1 0.912 0.912   0.661   0.077   0.270   0.045  0  0  2
612 21.348 0.008 1 0.787 0.787   0.417   0.101   0.124   0.082  0  0  2
613 21.228 0.008 1 0.876 0.876   0.956   0.073   0.247   0.042  0  0  2
615 21.468 0.011 1 0.925 0.925   0.540   0.137   0.098   0.079  0  0  2
618 20.292 0.004 1 0.826 0.826   0.526   0.048   0.135   0.042 10 10  2
619 20.905 0.005 1 0.929 0.929   0.582   0.139   0.077   0.091  0  0  2
620 21.435 0.008 1 0.932 0.932   0.435   0.166   0.151   0.119  0  0  2
621 20.872 0.006 1 0.801 0.801   0.360   0.053   0.202   0.041  0  0  2
623 21.399 0.010 1 0.884 0.884   0.716   0.107   0.297   0.052  0  0  2
627 21.120 0.006 1 0.863 0.863   0.566   0.094   0.113   0.063  0  0  2
630 21.102 0.007 1 0.927 0.927   0.461   0.131   0.023   0.090  0  0  2
635 20.611 0.005 1 0.844 0.844   0.525   0.083   0.141   0.071  0  0  2
637 19.381 0.005 1 0.605 0.605   0.273   0.014   0.143   0.011 10 10  2
643 20.851 0.005 1 0.839 0.839   0.471   0.079   0.208   0.057  0  0  2
645 20.809 0.006 1 0.859 0.859   0.667   0.096   0.125   0.065  0  0  2
647 20.972 0.007 1 0.892 0.892   0.641   0.127   0.042   0.102  0  0  2
652 21.148 0.007 1 0.891 0.891   0.639   0.124   0.220   0.097  0  0  2
653 20.916 0.006 1 0.907 0.907   0.449   0.125   0.103   0.093  0  0  2
654 21.154 0.007 1 0.886 0.886   0.609   0.112   0.105   0.071  0  0  2
655 19.473 0.002 1 0.853 0.853   0.869   0.049   0.274   0.039 30 30  2
667 20.818 0.007 1 0.842 0.842   0.535   0.073   0.288   0.046  0  0  2
674 21.468 0.009 1 0.991 0.991   0.487   0.072   0.151   0.058  0  0  2
675 20.995 0.006 1 0.853 0.853   0.586   0.092   0.181   0.070  0  0  2
677 20.799 0.006 1 0.887 0.887   0.614   0.113   0.260   0.063  0  0  2
678 21.323 0.007 1 0.921 0.921   0.622   0.108   0.305   0.059  0  0  2
683 20.571 0.004 1 0.910 0.910   0.505   0.093   0.293   0.076  0  0  2
689 21.450 0.008 1 0.892 0.892   0.459   0.153   0.316   0.105  0  0  2
693 21.295 0.007 1 0.919 0.919   0.609   0.130   0.167   0.081  0  0  2
695 21.489 0.009 1 0.922 0.922   0.418   0.152   0.283   0.089  0  0  2
697 20.404 0.007 1 0.595 0.595   0.541   0.022   0.279   0.015 14 14  2
703 21.132 0.006 1 0.905 0.905   0.499   0.130   0.237   0.077  0  0  2
707 20.807 0.004 1 0.882 0.882   0.681   0.077   0.225   0.058  0  0  2
709 21.356 0.008 1 0.899 0.899   0.853   0.079   0.320   0.038  0  0  2
711 20.008 0.003 1 0.799 0.799   0.784   0.030   0.333   0.020 24 24  2
716 21.415 0.009 1 0.883 0.883   0.407   0.144   0.157   0.090  0  0  2
717 21.193 0.007 1 0.921 0.921   0.606   0.173   0.117   0.112  0  0  2
721 20.662 0.005 1 0.841 0.841   0.670   0.084   0.181   0.062  0  0  2
723 21.378 0.007 1 0.878 0.878   0.469   0.145   0.119   0.097  0  0  2
725 21.108 0.006 1 0.989 0.989   0.725   0.218   0.110   0.184  0  0  2
726 21.428 0.008 1 0.842 0.842   0.481   0.106   0.123   0.068  0  0  2
727 20.636 0.004 1 0.844 0.844   0.517   0.062   0.143   0.051  0  0  2
731 21.088 0.006 1 0.936 0.936   0.595   0.140   0.261   0.090  0  0  2
733 21.500 0.010 1 0.929 0.929   0.538   0.251   0.124   0.166  0  0  2
734 20.689 0.004 1 0.929 0.929   0.721   0.112   0.308   0.088  0  0  2
735 21.083 0.005 1 0.861 0.861   0.970   0.062   0.397   0.039  0  0  2
743 21.430 0.010 1 0.930 0.930   0.535   0.096   0.336   0.054  0  0  2
746 21.283 0.020 2 0.941 0.941   0.989   0.307   0.126   0.112  0  0  2
754 21.184 0.006 1 0.801 0.801   0.561   0.073   0.141   0.049  0  0  2
755 20.884 0.005 1 0.898 0.898   0.470   0.111   0.171   0.074  0  0  2
756 17.518 0.001 1 0.566 0.566   0.193   0.001   0.039   0.001 10 10  2
762 20.407 0.004 1 0.887 0.887   0.714   0.071   0.137   0.049 30 30  2
763 21.289 0.008 1 0.836 0.836   0.499   0.097   0.081   0.067  0  0  2
775 20.051 0.002 1 0.783 0.783   0.795   0.028   0.267   0.024 24 24  2
777 20.916 0.005 1 0.910 0.910   0.818   0.078   0.377   0.044  0  0  2
779 21.364 0.008 1 0.885 0.885   0.536   0.144   0.122   0.090  0  0  2
780 20.473 0.003 1 0.919 0.919   0.718   0.087   0.218   0.060 30 30  2
787 19.875 0.003 1 0.766 0.766   0.405   0.018   0.089   0.014 10 10  2
794 21.162 0.009 1 0.843 0.843   0.729   0.088   0.189   0.051  0  0  2
798 21.369 0.011 1 0.826 0.826   0.527   0.120   0.184   0.080  0  0  2
799 21.199 0.015 2 0.903 0.903   0.448   0.084   0.143   0.054  0  0  2
800 20.314 0.003 1 0.858 0.858   0.659   0.064   0.167   0.048 30 20  1
801 20.687 0.005 1 0.872 0.872   0.699   0.075   0.071   0.053  0  0  2
802 21.400 0.008 1 0.854 0.854   0.494   0.123   0.166   0.090  0  0  2
803 20.388 0.006 1 0.857 0.857   0.572   0.076   0.196   0.053 30 20  2
805 21.456 0.010 1 0.886 0.886   0.438   0.142   0.107   0.096  0  0  2
807 20.622 0.004 1 0.831 0.831   0.642   0.068   0.114   0.051  0  0  2
808 20.886 0.005 1 0.879 0.879   0.462   0.107   0.100   0.096  0  0  2
814 21.462 0.010 1 0.956 0.956   0.450   0.127   0.094   0.077  0  0  2
815 21.485 0.007 1 0.883 0.883   0.621   0.079   0.050   0.049  0  0  2
816 21.278 0.004 1 0.879 0.879   0.302   0.611   0.301   0.263  0  0  2
817 21.482 0.007 1 0.891 0.891   0.571   0.102   0.197   0.060  0  0  2
818 20.438 0.004 1 0.779 0.779   0.587   0.027   0.198   0.020 20 20  2
819 20.969 0.005 1 0.896 0.896   0.642   0.082   0.156   0.057  0  0  2
823 19.857 0.002 1 0.868 0.868   0.614   0.039   0.118   0.037 30 30  2
824 20.804 0.004 1 0.842 0.842   0.591   0.067   0.117   0.046  0  0  2
825 19.360 0.002 1 0.740 0.740   0.322   0.010   0.066   0.011 10 10  2
828 20.674 0.004 1 0.976 0.976   0.444   0.150   0.099   0.105  0  0  2
835 21.171 0.006 1 0.856 0.856   0.514   0.081   0.087   0.055  0  0  1
838 19.859 0.004 1 0.755 0.703   0.765   0.030   0.257   0.023 24 24 13
839 18.776 0.001 1 0.752 0.752   0.256   0.006   0.034   0.005 10 10  2
840 21.368 0.008 1 0.873 0.873   0.667   0.107   0.348   0.062  0  0  1
841 20.147 0.003 1 0.888 0.888   0.808   0.065   0.328   0.043 30 30  1
842 20.851 0.006 1 0.779 0.779   0.463   0.048   0.219   0.038  0  0  2
843 21.314 0.006 1 0.871 0.871   0.488   0.102   0.073   0.079  0  0  2
844 21.472 0.007 1 0.897 0.897   0.586   0.109   0.161   0.081  0  0  2
845 20.742 0.004 1 0.867 0.867   0.636   0.073   0.226   0.053  0  0  2
847 21.340 0.006 1 0.834 0.834 -99.000 -99.000 -99.000 -99.000  0  0  2
848 19.714 0.003 1 0.722 0.722   0.446   0.016   0.056   0.014 10 10  2
850 21.065 0.006 1 0.862 0.862   0.385   0.084   0.142   0.065  0  0  2
851 20.827 0.004 1 0.806 0.806   0.599   0.057   0.220   0.047  0  0  2
852 19.140 0.002 1 0.730 0.730   0.363   0.007   0.141   0.005 10 10  1
853 20.758 0.005 1 0.823 0.823   0.568   0.060   0.209   0.043  0  0  1
856 21.028 0.005 1 0.827 0.827   0.472   0.080   0.227   0.062  0  0  2
857 21.147 0.004 1 0.884 0.884   0.372   0.058   0.348   0.056  0  0  2
858 21.002 0.004 1 0.814 0.814 -99.000 -99.000 -99.000 -99.000  0  0  2
859 20.522 0.004 1 0.774 0.774   0.460   0.042   0.191   0.036 10 10  2
860 20.809 0.005 1 0.871 0.871   0.577   0.085   0.210   0.070  0  0  2
865 21.326 0.006 1 0.839 0.839   0.476   0.080   0.183   0.057  0  0  2
867 20.236 0.003 1 0.749 0.749   0.587   0.034   0.253   0.030 24 24  1
868 19.984 0.003 1 0.757 0.757   0.799   0.017   0.241   0.011 24 24  2
869 20.288 0.003 1 0.707 0.707   0.685   0.024   0.231   0.020 24 24  2
870 21.153 0.006 1 0.799 0.799   0.631   0.070   0.298   0.045  0  0  2
872 19.838 0.002 1 0.703 0.703 -99.000 -99.000 -99.000 -99.000  0  0  1
873 20.126 0.003 1 0.789 0.828 -99.000 -99.000 -99.000 -99.000  0  0 11
874 20.363 0.003 1 0.865 0.865   0.732   0.069   0.111   0.055 30 20  1
875 21.083 0.007 1 0.653 0.712   0.603   0.089   0.145   0.056  0  0 11
877 20.953 0.007 1 0.700 0.754   0.634   0.103   0.267   0.065  0  0 11
878 21.233 0.007 1 0.673 0.673   0.538   0.046   0.102   0.036  0  0  1
879 21.001 0.008 1 0.648 0.708   0.562   0.099   0.127   0.065  0  0 11
880 21.322 0.013 1 0.794 0.794   0.657   0.115   0.057   0.073  0  0  3
882 20.591 0.007 1 0.825 0.825   0.716   0.137   0.241   0.077 24 24  3
883 21.379 0.017 1 0.781 0.781   0.732   0.121   0.082   0.062  0  0  3
884 21.403 0.010 1 0.817 0.817   0.514   0.146   0.232   0.084  0  0  3
886 21.375 0.012 1 0.833 0.833   0.560   0.145   0.170   0.080  0  0  3
888 20.612 0.007 1 0.773 0.773   0.630   0.080   0.053   0.051  0  0  3
889 20.976 0.009 1 0.800 0.800   0.644   0.105   0.180   0.057  0  0  3
890 21.128 0.010 1 0.800 0.800   0.703   0.127   0.205   0.073  0  0  3
891 20.346 0.006 1 0.726 0.726   0.770   0.087   0.147   0.050 20 20  3
892 19.348 0.005 1 0.632 0.632   0.386   0.025   0.114   0.018 10 10  3
893 20.090 0.005 1 0.810 0.810   0.853   0.089   0.230   0.046 24 24 14
897 20.264 0.006 1 0.762 0.762   0.895   0.064   0.275   0.034 24 24  3
898 21.350 0.014 1 0.835 0.835   0.622   0.137   0.067   0.078  0  0  3
899 21.404 0.016 1 0.835 0.835   1.023   0.100   0.395   0.040  0  0  3
904 20.179 0.009 1 0.765 0.765   0.832   0.105   0.104   0.056 20 20 15
