Mem     191006  22.88 22.48 22.60 1.03 1.28 22.58 19.08 194.8864724 27.9753443 19 2370 3340  7436  58  9.5  11.9
Mem     192636  21.67 22.27 22.37 0.95 1.18 22.35 19.82 194.9001640 27.9681118 19 2699 2380  6929  62  7.3   7.3
Mem     120985  22.04 22.15 22.31 0.97 1.23 22.02 19.95 194.9007842 28.0200830 12 2965 3260  7578  59  9.8  13.2
Mem     121666  21.65 21.56 21.68 0.99 1.34 21.61 19.28 194.9131763 28.0197866 12 2822 2484  7589  56 12.5  17.8
Mem     195526  22.12 21.82 21.95 0.84 1.10 21.72 19.50 194.9182912 27.9585846 19 3129 1110  6867  58 10.9  14.1
Mem     195614  22.28 22.27 22.39 0.84 1.03 22.23 19.58 194.9245153 27.9801757 19 1526 1046  7366  84  8.1  11.7
Mem     196790  21.86 21.78 21.90 0.84 1.29 21.81 18.99 194.9371432 27.9817021 19 1251  284  7250  53 16.5  14.2
Mem     182204  23.06 23.16 23.29 0.65 1.23 23.17 20.08 194.9727861 27.9820669 18 1615 2116  6470  71  4.9   4.7
Mem     242857  22.38 22.30 22.43 0.65 0.95 22.19 19.57 195.0483625 27.9229976 24 1699  434  6050  67  6.9  13.2
Mem     160141  22.91 22.65 22.78 0.63 1.04 22.51 19.31 195.0690704 27.9741453 16 2618 4094  6873  69  5.9   5.8
Mem     161244  22.60 22.56 22.67 0.84 1.00 22.31 19.01 195.0841507 27.9672299 16 2906 3052  6290 133  5.5   8.5
Mem     163341  22.25 22.27 22.38 0.69 1.03 22.21 19.70 195.1224794 27.9555062 16 3224  492  7017  86  6.9  12.7
Mem     163400  23.42 23.27 23.40 0.68 0.91 23.25 21.26 195.1287727 27.9744361 16 1808  384  6315  91  3.4   5.1
Mem      92415  22.86 22.78 22.90 0.77 0.97 22.64 20.01 195.1343794 28.0035249  9 3620  610  4681  67  7.7   8.0
Mem     163575  22.52 22.53 22.66 0.71 1.04 22.38 19.56 195.1358599 27.9863010 16  879  122  6538  61  8.5   9.2
Mem     150880  22.70 22.71 22.84 0.67 0.91 22.51 19.55 195.1516839 27.9734096 15 2438 2988  6436  77  5.1   8.0
Mem     151072f 21.48 21.47 21.60 0.71 0.96 21.65 20.14 195.1576077 27.9779451 15 2040 2686  4906  74  6.7  18.9
Mem     151072f                                         195.1576077 27.9779451               4845  59 10.0  21.3
Mem     150000  21.50             0.96                  195.1664874 27.9967222 15  599 2416  6641  64  9.1  11.9
Mem      81669  23.01 22.89 23.04      0.98 22.74 19.87 195.1861561 28.0290572  8 1997 1815  6843  63  7.5   7.7
Uncert  190183  23.22 23.78 23.93 0.69 0.84 23.56 20.42 194.8779144 27.9905224 19 1419 4102  7620 152  2.1   3.3
Uncert  190875  23.38 23.53 23.69 0.75 1.05 23.62 20.63 194.8918457 28.0019245 19  432 3406  8977 106  3.9   3.3
Uncert  182306  23.46 23.37 23.49 0.67 1.07 23.31 20.08 194.9685059 27.9567585 18 3460 2008  6705  94  3.7   4.9
Uncert  160540  22.88 23.11 23.25 0.78 0.93 22.88 19.99 195.0771637 27.9749966 16 2444 3596  7014 122  2.8   5.0
Uncert   92668  23.52 23.34 23.48 0.90 1.07 23.31 20.02 195.1504211 28.0412064  9  759  184  6544  93  4.3   1.6
Uncert  151061  23.75 23.94 24.09 0.77 0.83 23.53 20.76 195.1549072 27.9687271 15 2732 2718  6819 101  2.8   2.6
Bckgrd  230649  22.42 22.25 22.41 0.62 1.23 22.54 21.00 195.0646973 27.9079971 23 3408 3240                      157512  35
Bckgrd  162819  23.41 23.27 23.44 0.87 0.75 23.31 21.74 195.1097870 27.9604759 16 3035 1348 53558 120  3.3   4.9  53837 112
Bckgrd  221365  23.32 23.60 23.77 0.76 1.08 23.61 21.25 195.1539307 27.9245911 22 1918 1984                      161089  32
Bckgrd   10679  23.72 23.23 23.48 0.63 0.82 23.32 22.01 195.1783752 28.0864925  1 1998 3298                       54528  34
Stars   180960  22.68 22.46 22.58 0.92 1.42 22.30 18.78 194.9499969 27.9778938 18 2216 3474    98  78  4.4   6.9
Stars   160373  21.73 21.71 21.83 0.72 1.34 21.46 17.95 195.0763245 27.9917908 16 1272 3898    45  56  7.7  16.4
Stars   161617f 22.80 22.68 22.81 0.75 1.05 22.49 19.05 195.0893860 27.9666824 16 2868 2712   149  75  3.8   7.6
Stars   161617f                                         195.0893860 27.9666824                 69  65  4.0   4.7
Stars   221051  21.61 21.69 21.80 0.59 0.57 21.25 17.98 195.1444550 27.9183636 22 2482 2480   -23  67  4.1  14.9
Stars    10388  21.68 21.96 22.09 1.05 2.32 21.42 19.05 195.1722107 28.0783367  1 2654 3560    84  53 13.0  17.0
Stars    10355  21.56 22.01 22.14 0.84 1.94 21.39 19.24 195.1748352 28.0928249  1 1599 3614    58  55 13.1  23.6
Failed  196829  23.51 23.81 23.93 0.57 0.84 23.71 20.33 194.9307098 27.9536591 19 3317  266                
Failed  123628  23.99 23.97 24.14 1.07 1.38 23.92 21.18 194.9386597 28.0055618 12 3476  684                
Failed  181622  23.93 23.88 24.09 0.66 0.83 23.75 21.41 194.9625397 27.9730034 18 2395 2622                
Failed  181520  23.49 23.43 23.58 0.80 1.17 23.23 19.99 194.9673767 27.9999008 18  437 2724                
Failed  182263  23.58 23.92 24.07 0.56 0.73 23.77 20.96 194.9713745 27.9721527 18 2338 2060                
Failed  230603  23.72 23.72 23.87 0.52 0.94 23.46 21.04 195.0628357 27.9055920 23 3602 3320                
Failed  160317  23.61 23.96 24.11 0.80 0.85 23.88 20.42 195.0726318 27.9816227 16 2037 3976                
Failed  161324  23.60 23.62 23.75 1.00 1.09 23.40 20.30 195.0933685 28.0015354 16  361 2986                
Failed  232327  23.31 23.35 23.50 1.02 1.40 22.99 20.11 195.1030426 27.9097061 23 2780  878                
Failed  221570  23.70 23.80 23.99 0.52 1.23 23.60 22.09 195.1613312 27.9467297 22  261 1854                
Failed  151353  23.71 24.13 24.27 0.80 0.91 23.90 21.08 195.1680908 27.9807396 15 1712 2078                
Failed   81133        23.83 23.99      2.54       21.34 195.1739960 28.0168438  8 3023 2396                
