STAR001 185.848618 12.998183 19.515 0.002 0.456 0.002 0.685 0.002    -33  15
STAR002 185.851730 13.125706 18.030 0.001 0.533 0.001 0.759 0.001     18   5
STAR003 185.853333 13.100986 19.770 0.002 0.465 0.003 0.703 0.002    -33  20
STAR004 185.857193 12.048497 17.782 0.001 0.502 0.001 0.776 0.001    -95   9
STAR005 185.866241 12.020297 20.861 0.006 0.551 0.006 0.835 0.008     68  25
STAR006 185.879318 13.053550 17.711 0.001 0.564 0.001 0.816 0.001    -21   9
STAR007 185.883514 13.193020 17.211 0.000 0.540 0.001 0.890 0.001    -33   6
STAR008 185.887009 13.042786 20.439 0.003 0.593 0.004 0.859 0.004     47  15
STAR009 185.892029 12.321042 17.547 0.001 0.616 0.001 0.914 0.001    -44   6
STAR010 185.892365 12.895064 19.178 0.001 0.647 0.002 0.932 0.002      3   8
STAR011 185.894394 12.888223 20.374 0.003 0.491 0.004 0.744 0.004    -87  24
STAR012 185.900864 12.768125 20.251 0.003 0.503 0.004 0.727 0.003     39  23
STAR013 185.905197 13.025117 20.250 0.003 0.497 0.004 0.725 0.003     12  25
STAR014 185.906464 12.675241 20.348 0.003 0.651 0.004 0.975 0.004     -7  41
STAR015 185.908005 12.108055 19.847 0.003 0.713 0.003 1.094 0.004     13  20
STAR016 185.909042 12.035034 19.151 0.002 0.515 0.002 0.810 0.002     10  10
STAR017 185.918411 12.751220 20.253 0.003 0.521 0.003 0.716 0.003   -103  19
STAR018 185.925735 12.236950 20.047 0.003 0.807 0.004 1.364 0.005     22  18
STAR019 185.928650 12.924794 20.835 0.004 0.696 0.006 1.025 0.006    109  17
STAR020 185.934784 12.976294 20.256 0.003 0.550 0.004 0.905 0.004   -175  22
STAR021 185.935532 12.546037 18.135 0.001 0.499 0.001 0.698 0.001     70  10
STAR022 185.936172 12.953856 18.830 0.001 0.743 0.002 1.132 0.001    -10   9
STAR023 185.938370 13.213986 19.175 0.001 0.714 0.002 1.221 0.002     94  11
STAR024 185.942825 12.157412 18.015 0.001 0.417 0.001 0.689 0.001     33   8
STAR025 185.942978 11.956153 19.096 0.002 0.493 0.002 0.740 0.002    132   6
STAR026 185.944443 12.697836 20.640 0.004 0.799 0.006 1.326 0.006    415  33
STAR027 185.945587 11.764664 17.991 0.001 0.816 0.001 1.388 0.001     29  11
STAR028 185.946014 12.807803 19.155 0.001 0.713 0.002 1.046 0.002    116   8
STAR029 185.955673 11.990319 18.819 0.001 0.465 0.001 0.676 0.002    224   7
STAR030 185.956787 12.671741 18.592 0.001 0.572 0.001 0.817 0.001    181   7
STAR031 185.958527 13.028139 20.545 0.003 0.537 0.004 0.820 0.004    214  37
STAR032 185.966858 12.080748 19.880 0.003 0.473 0.003 0.748 0.004    -21  19
STAR033 185.967331 12.074172 20.348 0.004 0.792 0.005 1.206 0.006    -17  16
STAR034 185.968262 11.862289 18.175 0.001 0.541 0.001 0.807 0.001     42   5
STAR035 185.973633 13.167942 17.337 0.000 0.719 0.001 1.054 0.001     18   8
STAR036 185.978271 11.842253 19.537 0.002 0.479 0.002 0.710 0.003     20  14
STAR037 185.980728 12.688303 20.274 0.003 0.489 0.003 0.678 0.003    -14  22
STAR038 185.980942 11.812744 18.421 0.001 0.613 0.001 0.878 0.001     66   6
STAR039 185.990662 11.637147 19.817 0.003 0.547 0.003 0.803 0.003     59  20
STAR040 185.992477 11.940033 18.063 0.001 0.678 0.001 1.022 0.001     66   8
STAR041 185.992874 12.213041 18.116 0.001 0.433 0.001 0.699 0.001    109  10
STAR042 185.996964 11.824692 19.089 0.002 0.547 0.002 0.822 0.002     58  12
STAR043 186.001358 11.882277 19.708 0.003 0.463 0.003 0.705 0.003    209  13
STAR044 186.013977 12.375128 20.102 0.004 0.586 0.003 0.873 0.004     29  18
STAR045 186.018036 12.703150 18.786 0.001 0.508 0.002 0.856 0.001     -8   8
STAR046 186.022293 12.587700 20.792 0.004 0.575 0.005 0.809 0.005    145  20
STAR047 186.022659 12.074244 19.166 0.002 0.541 0.002 0.833 0.002     63   8
STAR048 186.026581 12.240653 20.226 0.004 0.504 0.004 0.901 0.005    135  13
STAR049 186.029617 12.539614 20.127 0.002 0.511 0.003 0.712 0.003     24  17
STAR050 186.031509 12.190311 20.552 0.005 0.525 0.005 0.791 0.006    -80  22
STAR051 186.034546 12.346983 18.150 0.001 0.646 0.001 0.972 0.001    -54   8
STAR052 186.038803 13.074513 19.427 0.002 0.565 0.002 0.859 0.002    115  13
STAR053 186.042145 12.917913 17.591 0.001 0.803 0.001 1.229 0.001    -51   9
STAR054 186.042633 13.252505 20.118 0.002 0.538 0.003 0.788 0.003    123  16
STAR055 186.049591 13.221732 18.763 0.001 0.524 0.001 0.779 0.001    -73  14
STAR056 186.049744 11.703858 18.550 0.001 0.781 0.002 1.286 0.002     33  12
STAR057 186.058105 12.625786 19.873 0.002 0.547 0.003 0.778 0.003     13  13
STAR058 186.058228 12.104948 18.898 0.002 0.810 0.002 1.379 0.002     83  13
STAR059 186.059341 11.627242 20.420 0.004 0.623 0.005 1.017 0.006     28  19
STAR060 186.063751 13.262067 19.377 0.001 0.580 0.002 0.849 0.002     -5   9
STAR061 186.064056 12.164861 19.015 0.002 0.704 0.002 1.046 0.002     38   8
STAR062 186.064545 13.155164 19.742 0.002 0.562 0.003 0.824 0.002     38  11
STAR063 186.064850 11.826000 19.192 0.002 0.583 0.002 0.885 0.002    187  14
STAR064 186.066269 12.771231 18.467 0.001 0.590 0.001 0.858 0.001    -75   7
STAR065 186.066498 12.837589 20.272 0.003 0.495 0.003 0.694 0.003    136  19
STAR066 186.067352 12.807548 19.018 0.001 0.547 0.002 0.812 0.001    -74  12
STAR067 186.073746 12.724860 17.527 0.001 0.519 0.001 0.800 0.001   -111   9
STAR068 186.074020 12.605950 19.985 0.002 0.527 0.003 0.746 0.003     16  17
STAR069 186.080902 13.120481 17.580 0.001 0.547 0.001 0.748 0.001    126   6
STAR070 186.083267 13.185675 17.804 0.001 0.612 0.001 0.916 0.001    -25   8
STAR071 186.087646 11.941494 20.300 0.004 0.537 0.004 0.814 0.005    -47  15
STAR072 186.091141 12.092908 20.858 0.006 0.401 0.006 0.677 0.007   -178  39
STAR073 186.094452 12.031828 19.803 0.003 0.640 0.003 0.973 0.003     57  11
STAR074 186.095062 12.153831 19.215 0.002 0.434 0.002 0.686 0.002     86  28
STAR075 186.095886 12.137136 20.739 0.006 0.496 0.005 0.765 0.007   -112  24
STAR076 186.098984 11.758680 18.875 0.002 0.659 0.002 1.129 0.002     -2   9
STAR077 186.100800 11.644261 20.795 0.006 0.635 0.006 0.928 0.007    112  26
STAR078 186.107880 13.266589 19.761 0.002 0.493 0.003 0.740 0.002      9  14
STAR079 186.108368 12.879994 18.294 0.001 0.487 0.001 0.724 0.001    322  12
STAR080 186.110245 11.890211 18.711 0.001 0.559 0.001 0.816 0.002    -60   7
STAR081 186.113953 12.617033 19.605 0.002 0.534 0.002 0.762 0.002    215  19
STAR082 186.118484 11.707097 18.268 0.001 0.467 0.001 0.695 0.001     85  14
STAR083 186.119705 12.323475 17.655 0.001 0.537 0.001 0.806 0.001     91   4
STAR084 186.134064 12.351820 17.471 0.001 0.503 0.001 0.715 0.001     -5   4
STAR085 186.134979 12.134117 19.158 0.002 0.637 0.002 0.979 0.002    145   8
STAR086 186.135101 12.762847 18.965 0.001 0.493 0.002 0.727 0.001   -158  12
STAR087 186.137131 13.299439 20.437 0.003 0.526 0.004 0.780 0.004    -36  22
STAR088 186.137161 12.513942 19.583 0.002 0.497 0.002 0.685 0.002     43  24
STAR089 186.137909 12.115125 20.897 0.007 0.544 0.006 0.841 0.008    -53  26
STAR090 186.139221 12.722311 18.745 0.001 0.502 0.001 0.773 0.001   -109  12
STAR091 186.140411 11.588802 20.251 0.004 0.741 0.004 1.098 0.005    146  17
STAR092 186.146835 13.317894 19.590 0.002 0.632 0.002 0.897 0.002     24  12
STAR093 186.148438 12.310522 19.285 0.002 0.570 0.002 0.846 0.002    154   8
STAR094 186.153549 12.556419 19.065 0.001 0.505 0.002 0.687 0.002      2   8
STAR095 186.154541 12.222898 20.543 0.005 0.695 0.005 1.023 0.006   -158  22
STAR096 186.156097 13.201853 19.958 0.002 0.625 0.003 1.084 0.003    112  14
STAR097 186.156433 12.303536 20.744 0.006 0.621 0.006 0.903 0.007    166  22
STAR098 186.169205 13.018272 18.687 0.001 0.489 0.001 0.727 0.001    233   9
STAR099 186.171066 13.198964 20.290 0.003 0.482 0.004 0.873 0.004   -117  15
STAR100 186.173615 12.834650 19.052 0.001 0.532 0.002 0.771 0.001     -2  11
STAR101 186.174820 13.047265 17.892 0.001 0.632 0.001 0.943 0.001      0   6
STAR102 186.176544 11.585305 20.657 0.005 0.531 0.005 0.772 0.006     45  20
STAR103 186.177856 11.829348 18.236 0.001 0.521 0.001 0.786 0.001    -60   9
STAR104 186.181061 13.356089 17.963 0.001 0.535 0.001 0.745 0.001     39   5
STAR105 186.182907 12.000622 18.056 0.001 0.569 0.001 0.998 0.001     41   7
STAR106 186.183990 11.692400 19.538 0.002 0.512 0.002 0.747 0.003    -26  10
STAR107 186.195908 12.714583 19.295 0.001 0.586 0.002 0.835 0.002    -13   7
STAR108 186.206390 12.711894 20.493 0.003 0.561 0.004 0.788 0.004      3  20
STAR109 186.208481 11.841206 18.033 0.001 0.473 0.001 0.715 0.001    264   8
STAR110 186.209259 12.372261 19.653 0.002 0.511 0.002 0.773 0.003    131  13
STAR111 186.219635 13.201394 18.443 0.001 0.411 0.001 0.752 0.001    -47  10
STAR112 186.222229 13.257648 20.598 0.004 0.472 0.005 0.716 0.004     47  22
STAR113 186.224503 13.361356 18.388 0.001 0.503 0.001 0.722 0.001    293  10
STAR114 186.229218 12.366825 18.544 0.001 0.731 0.001 1.077 0.002    -45   8
STAR115 186.231705 12.604208 20.213 0.003 0.539 0.003 0.755 0.003     47  15
STAR116 186.232880 11.694345 17.996 0.001 0.518 0.001 0.799 0.001    123  10
STAR117 186.232895 12.721091 17.344 0.000 0.573 0.001 0.810 0.001    -97   6
STAR118 186.237549 11.652530 19.557 0.002 0.543 0.002 0.770 0.003     14  10
STAR119 186.242783 12.355695 20.472 0.005 0.513 0.004 0.715 0.005    146  33
STAR120 186.246964 13.403498 20.345 0.003 0.558 0.004 0.784 0.004    213  19
STAR121 186.247116 11.567892 17.280 0.001 0.697 0.001 1.180 0.001    -17   9
STAR122 186.250122 12.537249 18.694 0.001 0.497 0.001 0.678 0.001     77   6
STAR123 186.252823 12.235312 20.784 0.006 0.453 0.006 0.799 0.007    396  27
STAR124 186.256805 12.304828 19.813 0.003 0.442 0.003 0.683 0.003     22  13
STAR125 186.257553 11.852439 20.031 0.003 0.509 0.003 0.759 0.004    184  22
STAR126 186.257919 13.015475 18.188 0.001 0.495 0.001 0.691 0.001   -116   7
STAR127 186.259140 11.884033 18.107 0.001 0.509 0.001 0.767 0.001     26   8
STAR128 186.259659 12.634008 19.332 0.001 0.527 0.002 0.801 0.002    -29  12
STAR129 186.260513 11.998034 19.662 0.002 0.591 0.003 0.888 0.003    197   9
STAR130 186.263336 12.561311 18.639 0.001 0.815 0.002 1.242 0.001     61  18
STAR131 186.264008 12.710070 19.266 0.001 0.564 0.002 0.834 0.002    248   8
STAR132 186.265884 11.545333 19.078 0.002 0.552 0.002 0.824 0.002     46  15
STAR133 186.267181 12.101623 18.684 0.001 0.506 0.001 0.741 0.002     43   8
STAR134 186.268173 12.641522 19.786 0.002 0.578 0.003 0.858 0.002    -20  15
STAR135 186.270401 12.198292 20.533 0.005 0.551 0.005 0.831 0.006   -269  16
STAR136 186.271393 12.303783 19.864 0.003 0.860 0.004 1.539 0.004     95  33
STAR137 186.272186 12.332727 17.237 0.001 0.752 0.001 1.248 0.001     30  11
STAR138 186.274048 12.054897 19.325 0.002 0.426 0.002 0.717 0.002    143  10
STAR139 186.277710 11.930489 18.304 0.001 0.498 0.001 0.724 0.001     70   5
STAR140 186.280716 12.427094 17.545 0.001 0.609 0.001 0.849 0.001    -77  14
STAR141 186.280975 12.345650 20.668 0.005 0.483 0.005 0.731 0.006    243  25
STAR142 186.281281 12.924498 19.834 0.002 0.469 0.003 0.750 0.003     15  18
STAR143 186.282425 12.405897 17.582 0.001 0.645 0.001 1.104 0.001     43   8
STAR144 186.284500 13.159572 17.965 0.001 0.553 0.001 0.808 0.001     17   6
STAR145 186.285797 12.651836 20.041 0.002 0.483 0.003 0.691 0.003    -55  28
STAR146 186.290070 13.166972 19.771 0.002 0.565 0.003 0.826 0.002    149  11
STAR147 186.290131 11.849873 19.103 0.002 0.578 0.002 0.882 0.002    163  12
STAR148 186.292099 12.410650 20.643 0.005 0.606 0.005 0.914 0.007    202  22
STAR149 186.294739 12.259361 19.345 0.002 0.699 0.003 1.219 0.003    -14  13
STAR150 186.300812 13.186250 19.898 0.002 0.558 0.003 0.806 0.003    -47  20
STAR151 186.304337 11.833353 19.136 0.002 0.584 0.002 0.882 0.002    -41   7
STAR152 186.304764 11.652666 20.624 0.005 0.486 0.005 0.715 0.006    119  31
STAR153 186.305832 13.222012 19.030 0.001 0.537 0.002 0.793 0.001    210   8
STAR154 186.314590 13.266213 19.583 0.002 0.598 0.002 0.862 0.002    -46   8
STAR155 186.317673 13.002544 20.612 0.004 0.475 0.005 0.697 0.004     22  25
STAR156 186.318436 12.775702 20.272 0.003 0.494 0.004 0.708 0.003    130  24
STAR157 186.325943 13.022397 20.105 0.002 0.585 0.003 0.826 0.003     23  10
STAR158 186.326370 12.209389 18.078 0.001 0.596 0.001 0.867 0.001    -63   6
STAR159 186.330627 12.384489 19.747 0.003 0.466 0.003 0.710 0.003     68  18
STAR160 186.332809 12.936614 20.381 0.003 0.502 0.004 0.730 0.004    -43  24
STAR161 186.336426 12.669319 18.330 0.001 0.605 0.001 0.853 0.001     69   6
STAR162 186.341202 12.014783 18.196 0.001 0.651 0.001 0.958 0.001     12   7
STAR163 186.342514 11.831131 18.602 0.001 0.457 0.001 0.698 0.002     85   7
STAR164 186.342728 13.403064 20.008 0.002 0.497 0.003 0.702 0.003    188  10
STAR165 186.343857 13.076420 17.959 0.001 0.671 0.001 0.981 0.001     46   8
STAR166 186.345123 12.377334 20.696 0.006 0.717 0.006 1.106 0.007    248  36
STAR167 186.347992 12.303886 19.951 0.003 0.449 0.003 0.680 0.004   -133  14
STAR168 186.348465 11.785242 20.184 0.004 0.514 0.003 0.684 0.004    -48  18
STAR169 186.349594 13.303522 19.915 0.002 0.569 0.003 0.815 0.003    -64   9
STAR170 186.349991 12.050053 18.413 0.001 0.467 0.001 0.699 0.001     84   8
STAR171 186.351471 11.737731 18.613 0.001 0.859 0.002 1.398 0.002     -7  13
STAR172 186.361404 12.064944 18.295 0.001 0.542 0.001 0.791 0.001     33   6
STAR173 186.361572 13.276061 20.043 0.002 0.576 0.003 0.823 0.003     17  10
STAR174 186.368118 12.954473 20.469 0.003 0.580 0.004 0.813 0.004    311  12
STAR175 186.369278 11.545209 20.246 0.004 0.625 0.004 0.944 0.005    187  21
STAR176 186.369720 12.032319 20.361 0.004 0.493 0.004 0.680 0.005    264  26
STAR177 186.371811 12.302606 18.765 0.001 0.494 0.001 0.685 0.002    118  16
STAR178 186.372177 12.646789 17.342 0.000 0.554 0.001 0.795 0.001    -42   6
STAR179 186.372757 13.243983 20.833 0.004 0.551 0.005 0.752 0.005    196  36
STAR180 186.372864 12.809986 20.519 0.003 0.542 0.004 0.754 0.004    200  11
STAR181 186.373917 12.710558 18.564 0.001 0.602 0.001 0.849 0.001     29   7
STAR182 186.375885 12.004666 18.026 0.001 0.664 0.001 0.963 0.001     15   7
STAR183 186.376495 12.039153 19.781 0.003 0.478 0.003 0.710 0.003    180  11
STAR184 186.378189 11.814420 20.487 0.005 0.446 0.004 0.691 0.005    266  19
STAR185 186.379211 11.648694 19.699 0.003 0.540 0.003 0.807 0.003    119  20
STAR186 186.382553 12.194159 20.047 0.003 0.606 0.003 0.922 0.004    242  16
STAR187 186.385681 11.600680 18.266 0.001 0.567 0.001 0.802 0.001     26   5
STAR188 186.388855 13.373125 18.986 0.001 0.585 0.002 0.903 0.001      0  12
STAR189 186.392578 11.599116 17.823 0.001 0.463 0.001 0.866 0.001     -6   6
STAR190 186.392700 13.318081 18.521 0.001 0.704 0.001 1.073 0.001    -61   9
STAR191 186.394958 12.086672 18.105 0.001 0.534 0.001 0.964 0.001     95   9
STAR192 186.397110 12.415727 18.032 0.001 0.416 0.001 0.714 0.001    -92  10
STAR193 186.397797 13.265866 18.164 0.001 0.527 0.001 0.754 0.001     63   6
STAR194 186.401489 12.849633 19.341 0.001 0.576 0.002 0.831 0.002   -177   7
STAR195 186.407303 13.219992 18.346 0.001 0.526 0.001 0.734 0.001     45   8
STAR196 186.408035 12.800867 20.418 0.003 0.532 0.004 0.755 0.004    -25  14
STAR197 186.408951 11.898458 18.405 0.001 0.527 0.001 0.789 0.001    244   9
STAR198 186.413406 12.222992 18.474 0.001 0.664 0.001 0.959 0.002    -29  10
STAR199 186.415237 11.815586 20.484 0.005 0.709 0.005 1.073 0.006     -2  24
STAR200 186.415527 11.878178 19.591 0.002 0.572 0.002 0.853 0.003    123   9
STAR201 186.415604 11.567075 19.780 0.003 0.530 0.003 0.783 0.003     21   9
STAR202 186.416031 11.731227 17.318 0.001 0.675 0.001 1.104 0.001     59   9
STAR203 186.416962 12.000858 19.107 0.002 0.839 0.002 1.393 0.002     90  13
STAR204 186.418594 12.075212 20.025 0.003 0.732 0.004 1.075 0.004    -41  15
STAR205 186.429535 11.837353 18.890 0.002 0.555 0.002 0.822 0.002    104   7
STAR206 186.429672 12.619050 19.081 0.001 0.530 0.002 0.735 0.002     46   6
STAR207 186.433762 11.572728 18.202 0.001 0.535 0.001 0.804 0.001      2   6
STAR208 186.436188 12.875228 20.896 0.004 0.472 0.006 0.720 0.006     49  27
STAR209 186.440521 13.165922 20.391 0.003 0.513 0.004 0.704 0.004     49  12
STAR210 186.441147 12.081928 20.293 0.004 0.747 0.005 1.128 0.005     41  28
STAR211 186.441422 12.432800 17.978 0.001 0.634 0.001 0.919 0.001      2   7
STAR212 186.441956 11.992958 19.152 0.002 0.988 0.003 1.611 0.003    138  16
STAR213 186.443970 11.580645 17.761 0.001 0.683 0.001 1.013 0.001     -2   6
STAR214 186.449509 12.770997 18.525 0.001 0.503 0.001 0.712 0.001   -125  12
STAR215 186.449615 12.408669 19.497 0.002 0.543 0.002 0.780 0.003     13  12
STAR216 186.454041 11.964309 18.079 0.001 0.520 0.001 0.761 0.001    240  10
STAR217 186.455795 12.400753 18.400 0.001 0.631 0.001 0.952 0.001     28   9
STAR218 186.457413 11.552472 18.058 0.001 0.468 0.001 0.698 0.001    122   5
STAR219 186.462357 11.562381 18.990 0.002 0.701 0.002 1.038 0.002     83   9
STAR220 186.464722 13.204425 19.906 0.002 0.467 0.003 0.712 0.003      0  13
STAR221 186.468872 13.433888 19.860 0.002 0.572 0.003 0.871 0.003   -115  10
STAR222 186.471420 13.267108 18.637 0.001 0.484 0.001 0.677 0.001     26   7
STAR223 186.473969 12.103720 20.156 0.004 0.548 0.004 0.823 0.004     82  40
STAR224 186.474579 11.987908 18.461 0.001 0.483 0.001 0.700 0.001     80   7
STAR225 186.477203 13.390833 17.922 0.001 0.599 0.001 0.905 0.001    165  10
STAR226 186.486343 12.235789 18.987 0.002 0.474 0.002 0.863 0.002    103  12
STAR227 186.486557 11.887275 18.971 0.002 0.531 0.002 0.762 0.002     -5   6
STAR228 186.493240 11.566950 20.667 0.005 0.452 0.005 0.703 0.006    217  25
STAR229 186.497177 11.691839 18.949 0.002 0.582 0.002 0.870 0.002     45   6
STAR230 186.499588 11.589817 20.321 0.004 0.431 0.004 0.675 0.005    370  17
STAR231 186.500870 12.918661 17.941 0.001 0.538 0.001 0.740 0.001     54   4
STAR232 186.501862 13.207319 20.436 0.003 0.966 0.006 1.568 0.005     63  22
STAR233 186.507782 12.183558 17.738 0.001 0.812 0.001 1.376 0.001     29  11
STAR234 186.512604 12.215536 20.128 0.004 0.531 0.003 0.778 0.004     31  14
STAR235 186.516235 12.418917 20.577 0.005 0.499 0.005 0.780 0.006    230  47
STAR236 186.522308 12.036170 20.756 0.006 0.403 0.006 0.755 0.007     64  28
STAR237 186.523972 13.329741 19.751 0.002 0.678 0.003 0.991 0.003      8  15
STAR238 186.524368 12.131914 20.773 0.006 0.522 0.005 0.717 0.007    221  31
STAR239 186.526123 12.059381 20.499 0.005 0.458 0.004 0.732 0.006    274  14
STAR240 186.529236 11.935994 18.564 0.001 0.563 0.001 0.822 0.002    103   6
STAR241 186.529358 11.919784 17.388 0.001 0.624 0.001 1.033 0.001     30   7
STAR242 186.531830 12.131020 19.262 0.002 0.647 0.002 0.927 0.002     27   8
STAR243 186.533600 11.952333 17.750 0.001 0.618 0.001 0.910 0.001      7   8
STAR244 186.536606 11.603036 18.768 0.001 0.522 0.001 0.746 0.002     35   9
STAR245 186.538925 11.714861 20.712 0.006 0.655 0.006 0.950 0.007    256  19
STAR246 186.551132 12.326089 19.270 0.002 0.480 0.002 0.693 0.002     34  10
STAR247 186.552322 11.924225 19.932 0.003 0.488 0.003 0.729 0.004    207  14
STAR248 186.553757 11.674922 18.353 0.001 0.538 0.001 0.794 0.001     43   6
STAR249 186.555038 11.627781 19.318 0.002 0.457 0.002 0.680 0.002    205  10
STAR250 186.555527 12.277825 19.954 0.003 0.529 0.003 0.699 0.004    150  15
STAR251 186.566467 12.695561 18.342 0.001 0.634 0.001 1.110 0.001    -45  10
STAR252 186.568588 13.175578 17.514 0.001 0.616 0.001 0.882 0.001    -10   9
STAR253 186.572571 13.323561 19.595 0.002 0.518 0.002 0.762 0.002    -45  17
STAR254 186.582184 12.866405 19.964 0.002 0.487 0.003 0.682 0.003    -15  18
STAR255 186.585373 12.111219 18.470 0.001 0.507 0.001 0.739 0.002    -11   5
STAR256 186.590958 11.570631 20.336 0.004 0.534 0.004 0.813 0.005    140  20
STAR257 186.595505 12.779105 19.471 0.002 0.586 0.002 0.836 0.002      6  16
STAR258 186.596527 11.831586 20.515 0.005 0.522 0.004 0.767 0.006    -73  20
STAR259 186.601578 12.686244 19.023 0.001 0.590 0.002 0.855 0.001    -27   8
STAR260 186.605484 12.019908 20.690 0.006 0.486 0.005 0.752 0.007   -150  28
STAR261 186.609482 11.623844 18.245 0.001 0.553 0.001 0.853 0.001    144   6
STAR262 186.611145 12.397272 20.220 0.003 0.689 0.004 1.068 0.005    -34  19
STAR263 186.618958 12.274436 20.052 0.003 0.820 0.004 1.328 0.005    144  21
STAR264 186.621918 12.732844 18.360 0.001 0.626 0.001 0.916 0.001     -6   7
STAR265 186.621948 11.793144 20.445 0.004 0.550 0.004 0.837 0.005     98  16
STAR266 186.623032 13.237208 17.390 0.001 0.454 0.001 0.705 0.001      2  11
STAR267 186.629456 13.302400 18.641 0.001 0.580 0.002 0.893 0.002     69   7
STAR268 186.630585 12.568614 18.468 0.001 0.494 0.001 0.759 0.001    211   9
STAR269 186.630997 12.527908 19.527 0.002 0.485 0.002 0.742 0.002     75  16
STAR270 186.632523 11.708134 17.660 0.001 0.570 0.001 0.877 0.001     24   9
STAR271 186.634048 12.058778 19.225 0.002 0.491 0.002 0.716 0.002   -124  10
STAR272 186.634399 12.420167 20.805 0.005 0.791 0.007 1.217 0.008     25  43
STAR273 186.637695 13.262359 18.290 0.001 0.672 0.001 1.087 0.001    135   8
STAR274 186.637848 12.275842 20.673 0.004 0.374 0.005 0.662 0.006     32  34
STAR275 186.639038 13.341161 17.731 0.001 0.542 0.001 0.774 0.001     46   6
STAR276 186.644012 11.724027 20.669 0.004 0.442 0.005 0.725 0.006     30  23
STAR277 186.648788 11.846117 18.810 0.001 0.520 0.001 0.757 0.002    150   7
STAR278 186.649155 12.047437 19.310 0.002 0.484 0.002 0.684 0.002     61  11
STAR279 186.649292 11.623528 19.152 0.001 0.691 0.002 1.033 0.002     55   9
STAR280 186.651428 12.407399 18.824 0.001 0.479 0.001 0.746 0.002    -18   8
STAR281 186.652573 12.162739 20.768 0.005 0.549 0.005 0.799 0.007    130  26
STAR282 186.661972 12.566109 20.359 0.003 0.646 0.004 0.949 0.005    195  20
STAR283 186.667755 12.477505 20.331 0.003 0.498 0.004 0.769 0.004    -81  15
STAR284 186.669479 11.819741 19.213 0.002 0.552 0.002 0.824 0.002    216  18
STAR285 186.676254 12.716506 19.094 0.001 0.645 0.002 1.076 0.002     32  11
STAR286 186.680389 12.826231 18.396 0.001 0.545 0.001 0.770 0.001    136   8
STAR287 186.680664 11.731508 20.218 0.003 0.442 0.004 0.782 0.004   -108  30
STAR288 186.682419 12.686128 20.833 0.005 0.479 0.005 0.760 0.006    -41  47
STAR289 186.683197 11.921139 18.872 0.001 0.556 0.002 0.827 0.002      8   8
STAR290 186.688568 12.213908 17.905 0.001 0.579 0.001 0.836 0.001     75   6
STAR291 186.689804 12.132144 19.729 0.002 0.480 0.002 0.737 0.003      8  10
STAR292 186.693405 12.078067 19.944 0.002 0.447 0.003 0.661 0.003     81  20
STAR293 186.696365 12.378058 20.356 0.003 0.451 0.004 0.686 0.005   -187  16
STAR294 186.702942 12.108686 18.411 0.001 0.452 0.001 0.668 0.001    -27   9
STAR295 186.703354 12.265464 20.584 0.004 0.590 0.005 0.940 0.006    118  16
STAR296 186.704849 12.827881 19.233 0.001 0.525 0.002 0.727 0.002    157  12
STAR297 186.704987 12.229789 19.262 0.002 0.484 0.002 0.815 0.002    -10  11
STAR298 186.707291 13.093061 17.619 0.001 0.585 0.001 0.853 0.001     19   5
STAR299 186.709213 11.638142 17.191 0.001 0.476 0.001 0.837 0.001    -26   6
STAR300 186.711746 11.776433 19.324 0.002 0.656 0.002 1.106 0.003     38  10
STAR301 186.721024 13.256783 18.647 0.001 0.593 0.001 0.866 0.002    -77   7
STAR302 186.733871 13.112638 19.312 0.002 0.607 0.002 0.891 0.002    277   9
STAR303 186.735138 12.194077 20.469 0.004 0.508 0.004 0.734 0.005    227  15
STAR304 186.736832 13.081567 17.833 0.001 0.612 0.001 0.901 0.001    -25   8
STAR305 186.740356 12.455367 18.900 0.001 0.687 0.002 1.118 0.002     16  11
STAR306 186.742630 12.195267 18.299 0.001 0.597 0.001 0.883 0.001      7   6
STAR307 186.745758 12.852947 20.546 0.004 0.505 0.004 0.711 0.005     84  41
STAR308 186.749084 12.308708 19.292 0.002 0.459 0.002 0.692 0.002    143  14
STAR309 186.750946 11.779984 20.278 0.003 0.503 0.004 0.767 0.005    332  22
STAR310 186.753250 13.088506 19.686 0.002 0.501 0.003 0.731 0.003    133  30
STAR311 186.753403 11.676794 19.215 0.002 0.573 0.002 0.819 0.002    -20   8
STAR312 186.756165 12.823739 20.717 0.004 0.560 0.005 0.831 0.006   -295  39
STAR313 186.764297 12.058766 18.360 0.001 0.475 0.001 0.702 0.001     80  11
STAR314 186.772156 12.875508 20.372 0.003 0.499 0.004 0.721 0.004   -149  67
STAR315 186.775452 13.042695 18.221 0.001 0.562 0.001 0.804 0.001     62   8
STAR316 186.777252 12.395708 19.316 0.002 0.773 0.002 1.166 0.003    -49  13
STAR317 186.783066 13.130861 20.258 0.003 0.614 0.004 0.963 0.004     -8  22
STAR318 186.784088 12.270869 18.193 0.001 0.740 0.001 1.157 0.001     80  10
STAR319 186.789276 12.605022 20.286 0.003 0.498 0.004 0.698 0.004    208  17
STAR320 186.790726 13.003014 18.533 0.001 0.687 0.001 1.016 0.002    -35  11
STAR321 186.791214 12.224724 17.621 0.001 0.758 0.001 1.231 0.001    -29   8
STAR322 186.793915 11.922270 19.524 0.002 0.667 0.003 0.971 0.003     47  11
STAR323 186.794403 12.047247 20.656 0.004 0.547 0.005 0.830 0.006    426  18
STAR324 186.797287 12.348858 20.401 0.004 0.830 0.006 1.347 0.006    -51  32
STAR325 186.798325 12.050639 17.692 0.001 0.491 0.001 0.800 0.001     72   4
STAR326 186.804794 12.140200 17.997 0.001 0.437 0.001 0.681 0.001      8   6
STAR327 186.811935 11.916105 18.548 0.001 0.642 0.001 0.943 0.002      8  10
STAR328 186.814590 12.228050 17.290 0.001 0.491 0.001 0.894 0.001    -56   4
STAR329 186.816391 12.153144 18.876 0.001 0.546 0.002 0.794 0.002     16   8
STAR330 186.817123 12.156178 18.977 0.001 0.468 0.002 0.692 0.002    -88  10
STAR331 186.817764 12.310519 20.634 0.004 0.491 0.005 0.717 0.006    -76  21
STAR332 186.823837 12.022394 20.684 0.004 0.457 0.005 0.660 0.006    234  16
STAR333 186.827637 12.564436 17.448 0.001 0.490 0.001 0.697 0.001    -49   4
STAR334 186.829315 11.966805 19.669 0.002 0.477 0.002 0.681 0.003      0  16
STAR335 186.832703 11.739425 20.742 0.005 0.508 0.005 0.755 0.006     16  28
STAR336 186.834488 12.820894 19.991 0.002 0.567 0.003 0.795 0.003     76  17
STAR337 186.845947 12.064742 17.191 0.001 0.551 0.001 0.928 0.001     38   7
STAR338 186.848816 12.243320 19.179 0.002 0.538 0.002 0.790 0.002    -37  11
STAR339 186.851227 11.718794 18.822 0.001 0.558 0.001 0.779 0.002     44   7
STAR340 186.851440 12.018178 20.830 0.005 0.393 0.005 0.660 0.007    176  34
STAR341 186.853699 13.008639 18.323 0.001 0.516 0.001 0.732 0.001     67  14
STAR342 186.855362 12.100220 20.226 0.003 0.601 0.004 0.883 0.005    219  12
STAR343 186.856216 12.041573 18.792 0.001 0.489 0.001 0.706 0.002     58  10
STAR344 186.866928 13.077392 19.553 0.002 0.517 0.002 0.737 0.003    172  20
STAR345 186.872253 12.603142 18.155 0.001 0.502 0.001 0.708 0.001     49   8
STAR346 186.872330 12.118642 19.567 0.002 0.755 0.003 1.133 0.003     21  10
STAR347 186.873032 12.392283 20.115 0.003 0.525 0.003 0.770 0.004     67  12
STAR348 186.876358 13.214389 18.990 0.001 0.609 0.002 0.927 0.002    -43  15
STAR349 186.876587 12.301514 19.185 0.002 0.618 0.002 0.898 0.002    164   9
STAR350 186.879364 12.187853 20.653 0.004 0.444 0.005 0.664 0.006     22  33
STAR351 186.884003 12.884514 18.698 0.001 0.493 0.001 0.699 0.001    303  17
STAR352 186.891495 13.212973 18.427 0.001 0.947 0.002 1.545 0.002    -55  16
STAR353 186.895798 12.494253 17.932 0.001 0.564 0.001 0.968 0.001    -46  10
STAR354 186.896301 11.977835 18.024 0.001 0.512 0.001 0.703 0.001     -9   4
STAR355 186.898193 13.267847 20.856 0.005 0.501 0.006 0.769 0.007    -83  55
STAR356 186.906174 12.558930 19.763 0.002 0.455 0.003 0.680 0.003    113  15
STAR357 186.908432 12.233431 20.108 0.003 0.669 0.004 1.078 0.004     24  14
STAR358 186.910416 12.356158 17.759 0.001 0.474 0.001 0.775 0.001     50   5
STAR359 186.912857 12.802019 20.600 0.004 0.556 0.005 0.777 0.005    215  18
STAR360 186.915863 12.361295 20.224 0.003 0.468 0.003 0.692 0.004    -54  22
STAR361 186.923477 12.230496 20.415 0.004 0.550 0.004 0.855 0.005     -5  14
STAR362 186.923569 12.204923 19.638 0.002 0.563 0.002 0.795 0.003    193  10
STAR363 186.942245 13.299515 17.886 0.001 0.542 0.001 0.768 0.001      6   7
STAR364 186.943512 12.048680 20.385 0.004 0.539 0.004 0.730 0.005    278  17
STAR365 186.947632 13.213494 18.814 0.001 0.369 0.001 0.684 0.002     93  31
STAR366 186.947983 11.731289 20.694 0.004 0.459 0.005 0.734 0.006     23  27
STAR367 186.950684 11.690181 20.086 0.003 0.506 0.003 0.708 0.004     77  12
STAR368 186.951965 12.970643 17.360 0.001 0.509 0.001 0.705 0.001     83   9
STAR369 186.959473 12.557208 18.957 0.001 0.483 0.002 0.689 0.002     17  10
STAR370 186.966675 11.926695 17.419 0.001 0.505 0.001 0.776 0.001     21   5
STAR371 186.971085 11.713519 19.780 0.002 0.605 0.003 0.847 0.003     67  12
STAR372 186.977097 11.606661 19.837 0.002 0.552 0.003 0.756 0.003     32   9
STAR373 186.982986 13.278714 20.015 0.002 0.536 0.003 0.784 0.004     23  26
STAR374 187.001450 12.447948 19.130 0.001 0.574 0.002 1.047 0.002    -32  22
STAR375 187.002213 12.397722 19.616 0.002 0.726 0.003 1.076 0.003     96  12
STAR376 187.003357 12.465475 20.371 0.003 0.576 0.004 0.816 0.005    182  25
STAR377 187.004974 12.778478 17.671 0.001 0.501 0.001 0.714 0.001    215  14
STAR378 187.005203 12.485097 18.285 0.001 0.710 0.001 1.251 0.001     30  12
STAR379 187.006927 11.845489 17.745 0.001 0.585 0.001 0.842 0.001    133  10
STAR380 187.016678 12.213772 18.746 0.001 0.619 0.002 0.892 0.002      8   8
STAR381 187.021332 11.696700 17.535 0.001 0.694 0.001 1.091 0.001     70   8
STAR382 187.021927 12.018894 19.504 0.002 0.434 0.002 0.762 0.003    260  14
STAR383 187.027588 12.265522 17.500 0.001 0.477 0.001 0.764 0.001    -32   6
STAR384 187.030914 11.783142 18.082 0.001 0.486 0.001 0.690 0.001    102   5
STAR385 187.040009 12.436006 18.990 0.001 0.466 0.002 0.685 0.002    -47   7
STAR386 187.042618 12.959248 18.301 0.001 0.635 0.001 0.947 0.001     12  10
STAR387 187.044907 11.620611 17.911 0.001 0.555 0.001 0.787 0.001      7   7
STAR388 187.045227 12.726036 20.784 0.004 0.527 0.005 0.743 0.006     -8  37
STAR389 187.045837 13.127625 18.969 0.001 0.492 0.002 0.701 0.002    204  16
STAR390 187.048615 11.713619 18.795 0.001 0.568 0.001 0.805 0.002     26   7
STAR391 187.048660 13.236567 17.153 0.001 0.493 0.001 0.696 0.001     22   5
STAR392 187.059036 12.843881 20.891 0.005 0.552 0.006 0.781 0.007   -153  25
STAR393 187.060928 13.084175 20.905 0.005 0.515 0.006 0.718 0.007    102  39
STAR394 187.064835 12.145278 20.034 0.003 0.517 0.003 0.742 0.004     50  20
STAR395 187.065643 12.429209 17.715 0.001 0.522 0.001 0.792 0.001    186  12
STAR396 187.066528 12.501728 17.722 0.001 0.542 0.001 0.732 0.001      1   5
STAR397 187.066803 12.578514 20.334 0.003 0.648 0.004 0.940 0.005    244  30
STAR398 187.066940 12.445017 19.303 0.002 0.716 0.003 1.217 0.003    102  12
STAR399 187.069183 11.634942 19.304 0.002 0.504 0.002 0.731 0.002     13  13
STAR400 187.073181 12.650379 17.546 0.001 0.511 0.001 0.745 0.001     30   7
STAR401 187.073288 13.252803 18.141 0.001 0.474 0.001 0.678 0.001     81   8
STAR402 187.080368 11.915122 18.634 0.001 0.508 0.001 0.683 0.001     91   6
STAR403 187.080597 12.581600 17.680 0.001 0.521 0.001 0.764 0.001     40   9
STAR404 187.081894 12.498031 19.358 0.002 0.400 0.002 0.719 0.002     21  25
STAR405 187.084839 13.238953 20.302 0.003 0.454 0.003 0.667 0.004      2  28
STAR406 187.090195 12.918400 18.340 0.001 0.552 0.001 0.775 0.001     84  15
STAR407 187.098297 13.091805 19.496 0.002 0.507 0.002 0.697 0.002   -160  15
STAR408 187.099304 11.776844 19.989 0.003 0.434 0.003 0.743 0.004     -9  14
STAR409 187.103027 11.909785 18.514 0.001 0.479 0.001 0.671 0.001     28  12
STAR410 187.104324 12.316361 20.065 0.003 0.664 0.003 0.962 0.004    152  18
STAR411 187.119019 12.958920 17.190 0.001 0.434 0.001 0.676 0.001    -21  15
STAR412 187.119995 12.233364 18.239 0.001 0.477 0.001 0.755 0.001     21   5
STAR413 187.123291 13.351566 20.754 0.004 0.486 0.005 0.711 0.006    -42  51
STAR414 187.134155 11.851448 19.587 0.002 0.577 0.003 0.912 0.003   -100  11
STAR415 187.136887 12.710814 18.674 0.001 0.399 0.001 0.686 0.001    140  13
STAR416 187.143097 11.789111 20.186 0.003 0.480 0.003 0.701 0.004     21  20
STAR417 187.144272 12.800178 19.484 0.002 0.471 0.002 0.653 0.002    119  20
STAR418 187.146332 12.272847 20.545 0.004 0.516 0.004 0.756 0.006     59  14
STAR419 187.150620 12.760650 19.362 0.002 0.539 0.002 0.813 0.002     32  19
STAR420 187.150681 11.938392 18.733 0.001 0.473 0.001 0.668 0.002    -64  10
STAR421 187.153549 12.699364 20.361 0.003 0.599 0.005 1.043 0.005     48  32
STAR422 187.159454 13.257586 20.208 0.003 0.829 0.005 1.270 0.005    161  45
STAR423 187.163498 11.796197 18.718 0.001 0.499 0.001 0.692 0.002     95   8
STAR424 187.165878 13.050655 20.445 0.003 0.602 0.004 0.846 0.005    111  40
STAR425 187.169434 12.108097 18.938 0.001 0.549 0.002 0.772 0.002     48   5
STAR426 187.169708 11.723177 20.596 0.004 0.646 0.006 1.087 0.007    203  12
STAR427 187.173569 11.913058 20.584 0.004 0.518 0.004 0.723 0.006     30  20
STAR428 187.178345 12.331772 20.430 0.004 0.553 0.004 0.798 0.005    154  17
STAR429 187.181519 12.165414 17.841 0.001 0.583 0.001 0.814 0.001      1   6
STAR430 187.183807 12.277092 20.495 0.004 0.878 0.007 1.429 0.007     10  26
STAR431 187.185043 12.820703 18.181 0.001 0.473 0.001 0.662 0.001     29  11
STAR432 187.188919 11.793104 20.170 0.003 0.496 0.003 0.692 0.004    231  12
STAR433 187.189850 12.924778 19.826 0.002 0.587 0.003 0.824 0.003    -30  27
STAR434 187.196472 12.245797 17.805 0.001 0.490 0.001 0.727 0.001     74   5
STAR435 187.196609 12.825334 19.761 0.002 0.501 0.003 0.701 0.003     21  20
STAR436 187.197800 13.349125 20.477 0.004 0.456 0.004 0.673 0.005    -56  41
STAR437 187.198853 12.962337 20.699 0.004 0.511 0.005 0.704 0.006     89  30
STAR438 187.199341 11.768239 18.566 0.001 0.441 0.001 0.669 0.001    -34  10
STAR439 187.202393 12.542347 20.825 0.004 0.459 0.005 0.658 0.006     15  69
STAR440 187.204346 13.205300 19.151 0.001 0.910 0.003 1.541 0.003    146  18
STAR441 187.212158 13.365925 19.914 0.002 0.561 0.003 0.817 0.003    -32  32
STAR442 187.222092 12.568711 18.566 0.001 0.432 0.001 0.651 0.001    102  15
STAR443 187.222702 11.778872 17.693 0.001 0.455 0.001 0.684 0.001     29   8
STAR444 187.240326 12.208525 20.041 0.003 0.522 0.003 0.830 0.004    262  14
STAR445 187.241592 12.527242 20.239 0.003 0.766 0.005 1.177 0.005    168  18
STAR446 187.241745 13.144170 20.568 0.004 0.485 0.004 0.704 0.005    242  31
STAR447 187.245987 12.310781 17.266 0.001 0.429 0.001 0.765 0.001    -15   4
STAR448 187.254608 13.212608 17.673 0.001 0.600 0.001 1.009 0.001     38   6
STAR449 187.256287 11.737686 20.730 0.005 0.452 0.005 0.707 0.006    335  18
STAR450 187.257370 12.394359 20.251 0.003 0.491 0.003 0.744 0.004    100  16
STAR451 187.263351 12.858569 19.622 0.002 0.651 0.003 0.939 0.003    -14  26
STAR452 187.265411 12.016961 20.312 0.003 0.499 0.003 0.680 0.004    -76  19
STAR453 187.266022 11.737553 20.598 0.004 0.676 0.006 1.047 0.007   -183  21
STAR454 187.269058 11.809620 17.847 0.001 0.528 0.001 0.753 0.001     45   6
STAR455 187.279724 12.500503 20.634 0.004 0.513 0.005 0.779 0.006    485  87
STAR456 187.280777 12.045411 18.078 0.001 0.556 0.001 0.763 0.001     55   6
STAR457 187.291733 12.372008 17.524 0.001 0.455 0.001 0.693 0.001     91   5
STAR458 187.292297 12.070811 17.875 0.001 0.494 0.001 0.711 0.001    104   6
STAR459 187.299820 12.744936 17.950 0.001 0.500 0.001 0.717 0.001     -6   8
STAR460 187.303467 11.644664 20.085 0.003 0.544 0.003 0.783 0.004    125  10
STAR461 187.310898 11.816780 18.599 0.001 0.534 0.001 0.769 0.001     -4  12
STAR462 187.312958 12.700233 19.976 0.002 0.568 0.003 0.962 0.004    -68  17
STAR463 187.314362 12.241022 19.566 0.002 0.822 0.003 1.274 0.003     20  12
STAR464 187.317932 12.588470 18.264 0.001 0.509 0.001 0.751 0.001    -13   8
STAR465 187.319122 12.227813 17.692 0.001 0.609 0.001 0.987 0.001     25   7
STAR466 187.325836 12.814259 18.107 0.001 0.458 0.001 0.660 0.001     -6   7
STAR467 187.328857 11.833311 19.675 0.002 0.501 0.002 0.716 0.003     89  16
STAR468 187.329865 11.724870 18.948 0.001 0.397 0.002 0.680 0.002     35  12
STAR469 187.332352 12.282672 17.563 0.001 0.595 0.001 0.895 0.001     59   8
STAR470 187.334442 12.518803 19.361 0.002 0.426 0.002 0.657 0.002    307  20
STAR471 187.338120 13.336258 17.685 0.001 0.631 0.001 0.901 0.001     26   7
STAR472 187.351852 13.002500 20.610 0.004 0.493 0.004 0.658 0.005    199  45
STAR473 187.352280 13.223091 17.361 0.001 0.556 0.001 0.772 0.001     78   9
STAR474 187.352524 12.557067 17.595 0.001 0.670 0.001 0.976 0.001     -4   8
STAR475 187.365768 12.240717 17.669 0.001 0.571 0.001 0.930 0.001     19   6
STAR476 187.367508 12.227139 18.139 0.001 0.459 0.001 0.754 0.001    193  12
STAR477 187.369217 12.115396 19.759 0.002 0.465 0.002 0.662 0.003     61  15
STAR478 187.372070 11.726719 19.415 0.002 0.620 0.002 0.988 0.003    363  10
STAR479 187.374664 12.173197 18.249 0.001 0.500 0.001 0.729 0.001     10   8
STAR480 187.381500 12.831375 19.335 0.002 0.452 0.002 0.649 0.002   -151  15
STAR481 187.382324 11.627072 19.596 0.002 0.471 0.002 0.676 0.003    176  14
STAR482 187.385880 12.797697 18.218 0.001 0.468 0.001 0.675 0.001      0   7
STAR483 187.386429 11.765795 19.526 0.002 0.741 0.003 1.127 0.003     69  14
STAR484 187.386780 12.701461 17.786 0.001 0.642 0.001 1.107 0.001    -10   8
STAR485 187.386871 12.344478 19.481 0.002 0.458 0.002 0.670 0.002     18  14
STAR486 187.391129 12.006903 17.742 0.001 0.537 0.001 0.797 0.001    110   5
STAR487 187.392395 12.845136 18.906 0.001 0.453 0.002 0.661 0.002     50  12
STAR488 187.396835 13.039631 18.374 0.001 0.499 0.001 0.744 0.001     25  14
STAR489 187.400284 13.132177 17.421 0.001 0.463 0.001 0.693 0.001    125  12
STAR490 187.401031 13.291115 19.970 0.002 0.594 0.003 0.910 0.004      0  16
STAR491 187.405273 12.924589 20.329 0.003 0.522 0.004 0.753 0.004    156  32
STAR492 187.406860 12.438614 18.080 0.001 0.546 0.001 0.774 0.001    -13  10
STAR493 187.407318 12.118630 18.515 0.001 0.503 0.001 0.743 0.001    -14   6
STAR494 187.411423 13.155464 19.474 0.002 0.611 0.002 0.892 0.003    159  17
STAR495 187.413300 12.354013 19.636 0.002 0.487 0.002 0.710 0.003    204   8
STAR496 187.416672 13.084258 17.898 0.001 0.604 0.001 0.887 0.001    -46   8
STAR497 187.420578 11.933495 18.668 0.001 0.600 0.001 0.874 0.002     21   9
STAR498 187.420914 11.848669 20.028 0.003 0.530 0.003 0.761 0.004     31  18
STAR499 187.422989 13.213019 18.866 0.001 0.367 0.002 0.683 0.002     77  19
STAR500 187.425735 12.344508 17.130 0.001 0.615 0.001 1.008 0.001     47   8
STAR501 187.427475 12.496095 18.991 0.001 0.408 0.002 0.685 0.002     77  29
STAR502 187.432999 12.439895 18.746 0.001 0.562 0.001 0.820 0.002     41  10
STAR503 187.435547 13.254945 17.781 0.001 0.528 0.001 0.747 0.001     25   8
STAR504 187.439743 12.006875 20.605 0.004 0.664 0.005 0.970 0.006      3  30
STAR505 187.445267 11.918908 18.191 0.001 0.520 0.001 0.751 0.001     10   6
STAR506 187.447433 12.565664 20.416 0.003 0.473 0.004 0.697 0.005   -140  29
STAR507 187.449371 11.683733 20.083 0.003 0.615 0.003 0.876 0.004    -28  16
STAR508 187.450333 13.011964 19.151 0.001 0.490 0.002 0.727 0.002     17  16
STAR509 187.451157 13.108611 18.461 0.001 0.512 0.001 0.755 0.001    -18  14
STAR510 187.456238 12.998458 17.763 0.001 0.500 0.001 0.737 0.001    -26   6
STAR511 187.457443 12.537906 17.458 0.001 0.638 0.001 0.991 0.001    -45   8
STAR512 187.458191 12.975656 19.021 0.001 0.514 0.002 0.734 0.002    108  10
STAR513 187.465042 12.378761 18.346 0.001 0.684 0.001 1.017 0.001      3   9
STAR514 187.473282 12.557783 18.823 0.001 0.419 0.001 0.667 0.002     67  15
STAR515 187.478195 12.793050 17.668 0.001 0.487 0.001 0.727 0.001    -31   9
STAR516 187.495850 11.971592 18.210 0.001 0.655 0.001 0.969 0.001    146   8
STAR517 187.496506 11.919747 20.353 0.003 0.491 0.004 0.724 0.005    -34  16
STAR518 187.496811 12.649925 18.740 0.001 0.582 0.002 0.973 0.002     26  10
STAR519 187.502869 12.133414 19.214 0.002 0.663 0.002 0.959 0.002     33   9
STAR520 187.504364 12.714492 17.403 0.001 0.491 0.001 0.780 0.001    -19   6
STAR521 187.508224 11.933847 20.238 0.003 0.475 0.003 0.684 0.004    213  17
STAR522 187.516373 12.299225 19.665 0.002 0.697 0.003 1.102 0.003    235  12
STAR523 187.531265 13.031761 18.985 0.001 0.471 0.002 0.706 0.002     11  18
STAR524 187.533051 12.752989 17.137 0.000 0.465 0.001 0.693 0.001    302  16
STAR525 187.535645 12.940894 18.256 0.001 0.610 0.001 0.910 0.001      4   9
STAR526 187.536423 13.137941 18.524 0.001 0.510 0.001 0.745 0.001     14   8
STAR527 187.537521 11.993270 18.047 0.001 0.466 0.001 0.681 0.001    -12   5
STAR528 187.567154 12.643397 18.065 0.001 0.533 0.001 0.796 0.001      0   9
STAR529 187.567261 13.123972 19.023 0.001 0.495 0.002 0.734 0.002     47  13
STAR530 187.568115 12.291625 18.375 0.001 0.515 0.001 0.803 0.001    -48  13
STAR531 187.568344 12.953158 17.888 0.001 0.536 0.001 0.800 0.001     35   6
STAR532 187.568787 12.284812 20.649 0.004 0.734 0.006 1.103 0.007    118  31
STAR533 187.576233 12.753697 20.158 0.003 0.581 0.004 0.951 0.004     99  27
STAR534 187.588867 11.857139 17.965 0.001 0.688 0.001 0.999 0.001    -12   7
STAR535 187.592499 12.633227 19.712 0.002 0.575 0.003 0.864 0.003     61  25
STAR536 187.602524 13.132611 18.988 0.001 0.474 0.002 0.701 0.002    -49  14
STAR537 187.659378 12.815920 20.636 0.004 0.602 0.005 0.884 0.007     98  28
STAR538 187.660858 12.986278 20.603 0.004 0.545 0.005 0.775 0.006    145  35
STAR539 187.667465 12.781892 17.865 0.001 0.554 0.001 0.826 0.001    -23   7
STAR540 187.676605 12.874756 18.132 0.001 0.613 0.001 0.888 0.001      9  10
STAR541 187.681320 12.763808 17.825 0.001 0.468 0.001 0.718 0.001     37   8
STAR542 187.687531 13.004495 19.836 0.002 0.659 0.003 0.943 0.004    -17  18
GAL  01 185.852463 12.890166 20.032 0.002 0.724 0.004 1.167 0.003  58978   7
GAL  02 185.852768 12.977111 19.596 0.002 0.621 0.003 1.087 0.002  61396  10
GAL  03 185.866852 12.093072 20.669 0.005 0.605 0.005 0.920 0.007 240245 186
GAL  04 185.875107 12.850986 20.750 0.004 0.575 0.005 0.827 0.005  76235   5
GAL  05 185.988205 13.227654 20.826 0.004 0.537 0.006 0.886 0.006  69472   4
GAL  06 186.000763 12.054589 20.307 0.004 0.584 0.004 1.013 0.005 213975 189
GAL  07 186.004089 12.190053 19.830 0.003 0.712 0.003 1.174 0.004  59476   8
GAL  08 186.052017 13.362825 19.702 0.002 0.891 0.003 1.412 0.003  65112   7
GAL  09 186.059341 11.904509 20.577 0.005 0.560 0.005 0.942 0.006  79356   9
GAL  10 186.092072 11.806772 20.873 0.007 0.575 0.006 0.933 0.008  60024   6
GAL  11 186.099274 12.123292 20.640 0.005 0.583 0.006 1.004 0.007  52783  10
GAL  12 186.155884 13.287306 20.119 0.002 0.675 0.004 1.107 0.003  65342   7
GAL  13 186.162018 11.858618 20.683 0.006 0.578 0.006 0.931 0.007  83020   7
GAL  14 186.173248 12.089686 20.434 0.005 0.650 0.005 0.994 0.006  90524   8
GAL  15 186.184616 12.579827 20.675 0.004 0.475 0.005 0.836 0.005  47949   6
GAL  16 186.203171 12.184469 19.358 0.002 0.786 0.003 1.200 0.003  26196  19
GAL  17 186.264603 13.303381 20.125 0.002 0.660 0.004 0.966 0.003  87255   7
GAL  18 186.275650 12.980355 20.668 0.004 0.564 0.005 0.878 0.005  66113   4
GAL  19 186.284317 12.657856 20.230 0.003 0.498 0.004 0.811 0.003  56862   5
GAL  20 186.295029 13.093644 20.541 0.003 0.742 0.006 1.331 0.005 143875  15
GAL  21 186.299835 11.881577 20.650 0.005 0.649 0.005 0.964 0.007  90861   9
GAL  22 186.325592 13.268689 20.844 0.004 0.559 0.005 0.776 0.005  71631   5
GAL  23 186.344604 12.877408 20.463 0.003 0.797 0.005 1.212 0.005  45121  40
GAL  24 186.354736 12.435163 20.145 0.004 0.765 0.004 1.151 0.005  81114   7
GAL  25 186.364120 13.177383 19.901 0.002 0.648 0.003 1.073 0.003  57513   6
GAL  26 186.365433 11.664575 20.511 0.005 0.790 0.006 1.226 0.006  28536  30
GAL  27 186.371994 13.029770 20.194 0.003 0.608 0.004 0.941 0.003  58845   5
GAL  28 186.384644 12.634178 20.555 0.003 0.548 0.005 0.853 0.004  42747   5
GAL  29 186.394394 12.117030 20.565 0.005 0.787 0.006 1.244 0.007  90013  14
GAL  30 186.412003 12.478219 20.476 0.003 0.672 0.005 0.982 0.004  67366  14
GAL  31 186.416351 13.155803 20.894 0.004 0.659 0.006 0.963 0.006  67442  15
GAL  32 186.432739 12.406403 20.119 0.004 0.390 0.003 0.734 0.004  39455   5
GAL  33 186.439804 12.266500 20.418 0.004 0.701 0.005 1.190 0.006  52553  13
GAL  34 186.441208 13.227641 20.694 0.004 0.725 0.006 1.197 0.006  64833   9
GAL  35 186.446716 12.616010 19.697 0.002 0.519 0.003 0.853 0.002  45192   5
GAL  36 186.467606 12.344730 20.708 0.006 0.719 0.006 1.068 0.007  81086   8
GAL  37 186.484192 12.567303 19.600 0.002 0.511 0.002 0.803 0.002  51805   5
GAL  38 186.490234 13.355148 20.642 0.004 0.742 0.006 1.174 0.005  68349  14
GAL  39 186.521194 12.513825 20.208 0.003 0.551 0.004 0.863 0.003  59000   4
GAL  40 186.522385 11.770675 20.346 0.004 0.570 0.004 0.954 0.005 144028  16
GAL  41 186.529846 11.909889 20.806 0.006 0.736 0.007 1.093 0.008  80088  10
GAL  42 186.590790 11.890156 20.204 0.004 0.725 0.004 1.155 0.005  57529  10
GAL  43 186.600204 12.966793 20.475 0.003 0.447 0.004 0.722 0.004  36077   6
GAL  44 186.640732 11.928059 19.559 0.002 0.633 0.003 1.046 0.003  66920   6
GAL  45 186.641556 12.430436 20.690 0.004 0.798 0.007 1.283 0.008  45424  36
GAL  46 186.693680 13.292281 20.681 0.004 0.440 0.005 0.737 0.006  47696   5
GAL  47 186.707825 11.992187 20.750 0.005 0.475 0.005 0.802 0.007  25884  16
GAL  48 186.723694 12.815114 20.717 0.004 0.637 0.006 1.092 0.007 140786  13
GAL  49 186.729675 12.761639 20.779 0.004 0.773 0.007 1.212 0.008  51788  12
GAL  50 186.754578 12.660439 20.669 0.004 0.541 0.005 0.801 0.006  66703   8
GAL  51 186.778458 12.300189 20.487 0.004 0.623 0.005 0.956 0.006 129277  22
GAL  52 186.798279 12.802639 19.093 0.001 0.818 0.002 1.335 0.002  43107  18
GAL  53 186.798721 11.997475 20.238 0.003 0.776 0.005 1.221 0.005  76506  13
GAL  54 186.846756 12.640850 20.236 0.003 0.558 0.004 0.900 0.004  33073  14
GAL  55 186.868103 12.969771 20.407 0.003 0.687 0.005 1.059 0.005  62966  21
GAL  56 186.874100 11.774075 20.294 0.003 0.777 0.005 1.206 0.005  81474  13
GAL  57 186.903900 12.567577 20.801 0.004 0.665 0.006 1.021 0.007  53501  12
GAL  58 186.928986 13.035978 20.688 0.004 0.543 0.005 0.878 0.006  47517   7
GAL  59 186.962708 11.946378 20.707 0.004 0.445 0.005 0.691 0.006  45647   7
GAL  60 187.032562 12.283545 20.470 0.004 0.442 0.004 0.695 0.005  69464   4
GAL  61 187.073639 12.088019 19.530 0.002 0.429 0.002 0.730 0.003  24616   7
GAL  62 187.075165 12.352036 20.211 0.003 0.659 0.004 1.085 0.005  64313   5
GAL  63 187.081375 12.034790 20.573 0.004 0.436 0.004 0.724 0.006  46320  25
GAL  64 187.094803 12.801608 19.963 0.002 0.535 0.003 0.820 0.003  54262  10
GAL  65 187.104996 11.571636 20.243 0.003 0.743 0.005 1.216 0.005  51772   7
GAL  66 187.143753 11.692111 20.044 0.003 0.673 0.004 1.062 0.004  24748  26
GAL  67 187.175415 13.215944 20.878 0.005 0.638 0.006 0.936 0.007  73825  12
GAL  68 187.232407 12.313361 18.930 0.001 0.826 0.002 1.340 0.002  32654  12
GAL  69 187.236847 12.266267 19.870 0.002 0.443 0.003 0.714 0.003  57819   5
GAL  70 187.245895 12.798339 20.252 0.003 0.796 0.005 1.366 0.005 190897 431
GAL  71 187.269806 11.926850 20.478 0.004 0.774 0.006 1.197 0.006  67542  15
GAL  72 187.271835 11.840320 19.910 0.002 0.501 0.003 0.796 0.003  33957  17
GAL  73 187.283966 12.995175 20.889 0.005 0.521 0.006 0.808 0.007  36742  22
GAL  74 187.293320 13.218242 20.507 0.004 0.538 0.005 0.863 0.005  63218  10
GAL  75 187.302002 13.163899 20.888 0.005 0.565 0.006 0.887 0.007 226389   4
GAL  76 187.305878 12.091117 19.253 0.002 0.379 0.002 0.677 0.002  32131   8
GAL  77 187.361832 12.008311 20.683 0.004 0.595 0.005 0.886 0.006  68724   5
GAL  78 187.395660 11.790405 19.229 0.002 0.721 0.002 1.142 0.003  23705  18
GAL  79 187.415131 11.823109 20.094 0.003 0.733 0.004 1.134 0.005  24078  24
GAL  80 187.415359 13.000039 20.689 0.004 0.467 0.005 0.678 0.006 111200  15
GAL  81 187.425903 12.167520 19.989 0.003 0.641 0.003 0.966 0.004  72796   7
GAL  82 187.432602 11.815264 18.869 0.001 0.768 0.002 1.203 0.002  23376  13
GAL  83 187.451248 13.247414 19.853 0.002 0.680 0.003 1.089 0.004  67539  10
GAL  84 187.454742 11.712770 18.763 0.001 0.794 0.002 1.217 0.002  24341   9
GAL  85 187.472427 12.482166 20.010 0.002 0.753 0.004 1.208 0.004 115487  24
GAL  86 187.494980 12.086750 20.727 0.005 0.804 0.007 1.249 0.008 128369  19
GAL  87 187.499847 11.780967 20.153 0.003 0.667 0.004 1.100 0.005  24685  42
GAL  88 187.504730 11.790042 20.663 0.004 0.657 0.006 1.065 0.007  24855  32
GAL  89 187.519958 12.042020 20.691 0.004 0.808 0.007 1.307 0.008  43925  18
GAL  90 187.520401 11.820939 20.319 0.003 0.747 0.005 1.183 0.005  24564  27
GAL  91 187.536804 11.795761 20.090 0.003 0.481 0.003 0.805 0.004  24723  12
GAL  92 187.553894 13.202736 20.444 0.003 0.830 0.007 1.529 0.007  48856  14
GAL  93 187.567062 12.060261 20.074 0.003 0.629 0.004 1.041 0.004  65145   8
