FCC47-UCD1          NGC 1336        03 26 32.92 -35 42 56.10 1509.7 -11.15   1.1 23.60  0
UCD3, F-19          NGC 1399        03 38 54.10 -35 33 33.60 1509.0 -13.40  45.1 89.74  1
VUCD7               M87             12 31 52.93 +12 15 59.50  985.0 -13.40  82.6 96.83  1
VUCD3               M87             12 30 57.40 +12 25 44.80  713.0 -12.60   0.0 18.71  1
UCD1                NGC 1399        03 37 03.30 -35 38 04.60    0.0 -12.20 120.3 22.39  1
VUCD5               M87             12 31 11.90 +12 41 01.20 1290.0 -12.30  88.2 17.91  1
F-24                NGC 1399        03 39 35.90 -35 28 24.60 1902.0 -12.30  74.3 29.51  1
VUCD4               M87             12 31 04.51 +11 56 36.80  916.0 -12.30 130.1 21.98  1
S999                M87             12 30 45.91 +12 25 01.80 1466.0 -11.10   8.5 19.10  1
UCD5                NGC 1399        03 39 52.58 -35 04 24.10 1245.0 -12.00 165.3 31.19  1
F-1a                NGC 1399        03 38 06.30 -35 28 58.80 1261.0 -12.20  28.0 23.12  1
S490                M87             12 30 59.30 +12 21 23.00    0.0 -11.00   0.0  3.60  1
F-9                 NGC 1399        03 38 25.50 -35 37 42.70 1752.0 -11.40  59.4  9.10  1
F-5                 NGC 1399        03 38 10.80 -35 25 46.20 1672.0 -11.80  22.0  5.00  1
F-6                 NGC 1399        03 38 16.50 -35 26 19.60  857.0 -11.10  14.9  7.29  1
HCH99-18            NGC 5128        13 25 31.60 -43 00 02.80  455.0 -11.40   0.0 18.30  1
F-7                 NGC 1399        03 38 17.60 -35 33 02.40 1520.0 -11.20  35.8 14.89  1
S314                M87             12 31 05.10 +12 20 04.00    0.0 -10.90   0.0  3.20  1
F-12                NGC 1399        03 38 29.00 -35 22 56.30 1661.0 -11.50  22.5 10.30  1
G1                  M31             00 32 46.60 +39 34 40.00    0.0 -10.90   0.0  3.00  1
HGHH92-C1           NGC 5128                                  638.0 -10.80   0.0 23.99  1
HGHH92-C23          NGC 5128        13 25 54.59 -42 59 20.90  671.4 -11.70   5.5  3.30  1
HGHH92-C7           NGC 5128        13 26 05.38 -42 56 32.20  592.9 -11.10   9.3  7.50  1
F-17                NGC 1399        03 38 33.80 -35 25 57.20 1390.0 -11.30   7.7  3.30  1
F-11                NGC 1399        03 38 28.30 -35 25 38.50 1706.0 -11.50   7.7  3.60  1
HCH99-15            NGC 5128        13 25 29.80 -43 00 07.00    0.0 -10.80   1.2  5.90  1
F-34                NGC 1399        03 38 12.70 -35 28 57.00 1639.0 -10.80  21.5  4.00  1
F-22                NGC 1399        03 39 17.70 -35 25 30.10 1054.0 -11.20  54.5 10.00  1
HGHH92-C11          NGC 5128        13 24 57.73 -43 01 21.60  753.0 -10.40   6.7  7.80  1
HGHH92-C17          NGC 5128        13 25 39.73 -42 55 59.10  781.0 -10.60   6.2  5.70  1
VHH81-C5            NGC 5128        13 25 16.12 -42 52 58.20  557.0 -10.60   0.0 10.00  1
HGHH92-C21          NGC 5128        13 25 52.78 -43 05 46.30  461.0 -10.40   7.0  7.00  1
H8005                               12 30 46.21 +12 24 23.30 1882.0 -10.80   0.0 28.12  1
HCHH99-2            NGC 5128        13 25 16.69 -43 02 08.70  300.0 -10.30   0.0 11.40  1
F-53                NGC 1399        03 38 40.60 -35 29 10.00  681.0 -10.60  17.1  4.40  1
HGHH92-C6           NGC 5128        13 25 22.19 -43 02 45.60  855.0 -11.10   0.0  4.40  1
F-51                NGC 1399        03 38 17.10 -35 26 31.30 1257.0 -10.60  13.8  4.20  1
HGHH92-C29          NGC 5128        13 24 40.39 -43 18 05.20  726.0 -10.10  21.2  6.90  1
omega Cen           MW              13 26 47.28 -47 28 46.10    0.0 -10.40   0.0  8.00  1
HGHH92-C22          NGC 5128        13 25 53.56 -42 59 07.50  578.0 -10.10   5.8  3.80  1
VHH81-C3            NGC 5128        13 24 58.19 -42 56 10.30  562.0 -10.60   0.0  4.40  1
HCH99-16            NGC 5128        13 25 30.29 -42 59 34.80  458.0 -10.10   1.8 12.11  1
HGHH92-C44          NGC 5128                                  505.0  -9.50  20.4  5.70  1
HGHH92-C36          NGC 5128        13 26 07.73 -42 52 00.30  704.0  -9.90  13.1  3.60  1
HCH99-21            NGC 5128        13 25 34.65 -43 03 27.70  461.0 -10.30   3.0  7.10  1
HHH86-C18           NGC 5128        13 25 39.86 -43 05 01.80  480.0 -10.70   1.5  3.20  1
MW-NGC6715          MW                                          0.0 -10.20  19.2  6.40  1
F-59                NGC 1399        03 38 48.90 -35 27 44.10 1559.0 -10.50  22.0  5.70  1
HHH86-C15           NGC 5128        13 25 30.35 -43 11 48.40  644.0  -9.74  11.9  5.30  1
HGHH92-C41          NGC 5128        13 24 38.98 -43 20 06.30  363.0  -9.69  23.4  4.50  1
R01-223             NGC 5128        13 25 32.78 -43 35 15.44  776.0  -9.48   6.6  2.60  1
HHH86-C38           NGC 5128        13 26 23.81 -42 54 00.50  405.0  -9.85  14.0  2.80  1
HGHH92-C37          NGC 5128        13 26 10.58 -42 53 43.00  612.0  -9.84  12.1  3.30  1
S547                M87             12 30 57.38 +12 25 44.51  714.0 -12.60  14.4 21.38  2
H36612              M87             12 29 56.65 +12 19 31.37 1599.0 -11.20  64.7 14.45  2
S5065               M87             12 30 50.05 +12 24 08.93 1578.0 -11.10   3.4 26.30  2
S8006               M87             12 30 46.65 +12 24 22.18 1079.0 -10.70   5.4 31.62  2
S477                M87             12 30 59.91 +12 18 01.08 1651.0 -11.10  28.9 33.88  2
H30772              M87             12 30 58.06 +12 16 02.21 1224.0 -10.70  37.1 10.00  2
S686                M87             12 30 53.81 +12 28 18.73  817.0 -10.70  23.8 21.38  2
S672                M87             12 30 54.73 +12 21 38.34  735.0 -10.40  10.8 25.70  2
S877                M87             12 30 48.93 +12 21 55.58 1811.0 -10.20   7.4 10.00  2
H27926              M87             12 30 51.65 +12 14 09.96 1299.0 -10.20  44.7 13.80  2
S6004               M87             12 31 10.22 +12 16 01.09 1818.0  -9.80  43.3 40.74  2
H30401              M87             12 31 18.71 +12 15 44.89 1323.0  -9.70  50.5 10.72  2
S825                M87             12 30 51.03 +12 21 19.51 1142.0  -9.60  10.5 13.18  2
S723                M87             12 30 53.76 +12 20 21.84 1398.0  -9.60  15.7 16.98  2
H44905              M87             12 30 57.08 +12 23 39.84 1563.0  -9.40   9.0 39.81  2
S1508               M87             12 30 31.41 +12 25 24.82 2419.0  -9.10  23.1 42.66  2
H39168              M87             12 32 36.49 +12 20 57.12 1349.0  -8.30 126.1 10.96  2
J122636.42+125512.9 M87             12 26 36.42 +12 55 12.89  -93.0 -12.45 333.1 17.66  2
J122628.69+125642.6 M87             12 26 28.69 +12 56 42.63 -186.0 -11.69 344.4 16.67  2
J122638.52+123702.7 M87             12 26 38.52 +12 37 02.67    0.0 -10.73 301.1 17.95  2
J122638.79+124545.8 M87             12 26 38.79 +12 45 45.76    0.0 -10.78 312.4 15.49  2
J122656.56+123532.2 M87             12 26 56.55 +12 35 32.19    0.0 -11.53 278.9 16.63  2
J122727.19+125546.0 M87             12 27 27.19 +12 55 45.99    0.0 -10.27 283.0 11.99  2
J122837.21+122845.6 M87             12 28 37.21 +12 28 45.63    0.0 -10.29 157.0 12.56  2
J122856.90+130220.5 M87             12 28 56.90 +13 02 20.50    0.0  -9.94 228.4 14.72  2
J122910.66+124304.1 M87             12 29 10.66 +12 43 04.13    0.0 -10.45 149.1 11.99  2
J122914.87+115343.8 M87             12 29 14.87 +11 53 43.86    0.0 -11.12 180.8 11.61  2
J122937.93+114058.1 M87             12 29 37.93 +11 40 58.14    0.0 -10.10 220.6 11.75  2
J122940.39+122728.1 M87             12 29 40.39 +12 27 28.06 1400.0 -11.37  83.1 20.89  2
J122941.32+123952.4 M87             12 29 41.32 +12 39 52.45 1754.0 -11.08 112.1 16.56  2
J122941.56+124427.6 M87             12 29 41.56 +12 44 27.60 1261.0 -10.40 128.3 11.07  2
J122945.26+125100.9 M87             12 29 45.26 +12 51 00.92 1113.0 -10.81 152.1 11.86  2
J122952.28+123737.8 M87             12 29 52.28 +12 37 37.79  886.0 -10.57  95.4 11.86  2
J122952.41+123504.1 M87             12 29 52.41 +12 35 04.09    0.0 -11.56  87.0 34.20  2
J122954.98+123350.9 M87             12 29 54.98 +12 33 50.86    0.0 -10.68  80.9 24.27  2
J122957.12+123602.9 M87             12 29 57.12 +12 36 02.94 1497.5 -11.03  86.0 12.91  2
J123001.95+124226.9 M87             12 30 01.95 +12 42 26.88 1115.0 -11.41 106.7 21.58  2
J123002.46+123633.8 M87             12 30 02.46 +12 36 33.76 1514.0 -11.12  83.5 14.96  2
J123004.05+120714.0 M87             12 30 04.05 +12 07 13.98 1167.0 -11.58  94.4 10.99  2
J123006.06+123954.0 M87             12 30 06.06 +12 39 53.97 1160.0 -11.86  93.8 17.91  2
J123006.13+122435.3 M87             12 30 06.13 +12 24 35.35 1878.0 -10.76  51.0 12.62  2
J123007.57+123631.0 M87             12 30 07.57 +12 36 31.00 1233.0 -12.30  79.5 12.22  2
J123009.82+123736.5 M87             12 30 09.82 +12 37 36.46 1261.0 -10.28  82.2 11.32  2
J123010.00+123604.7 M87             12 30 10.00 +12 36 04.67    0.0  -9.81  76.1 12.27  2
J123011.07+124721.7 M87             12 30 11.07 +12 47 21.70    0.0 -10.75 123.2 11.32  2
J123016.54+121556.8 M87             12 30 16.54 +12 15 56.84 2021.0 -11.26  52.8 17.18  2
J123019.63+120924.6 M87             12 30 19.63 +12 09 24.59  856.0 -10.23  76.0 10.67  2
J123020.05+115518.7 M87             12 30 20.04 +11 55 18.75 1336.5 -11.98 139.5 22.80  2
J123021.83+122402.4 M87             12 30 21.83 +12 24 02.42 1271.0 -11.48  32.5 11.67  2
J123022.97+123148.7 M87             12 30 22.97 +12 31 48.75  539.0 -11.56  50.6 18.07  2
J123025.75+122621.1 M87             12 30 25.75 +12 26 21.10 1368.0 -10.85  31.0 13.15  2
J123026.56+122044.6 M87             12 30 26.56 +12 20 44.61 1129.5 -10.94  29.8 18.07  2
J123026.89+122331.1 M87             12 30 26.90 +12 23 31.11 1406.5 -11.41  26.4 16.83  2
J123029.91+123822.2 M87             12 30 29.91 +12 38 22.16  845.0 -10.80  75.1 18.97  2
J123030.86+121841.7 M87             12 30 30.86 +12 18 41.68 2395.0 -11.60  31.6 15.35  2
J123031.44+125156.6 M87             12 30 31.44 +12 51 56.62 1511.0 -11.26 138.3 12.39  2
J123031.53+122602.6 M87             12 30 31.53 +12 26 02.60  857.5 -10.99  24.3 14.66  2
J123033.43+122954.3 M87             12 30 33.43 +12 29 54.39 1286.0 -12.09  36.1 32.96  2
J123034.12+122246.5 M87             12 30 34.12 +12 22 46.46 1100.0  -9.97  18.2 17.02  2
J123035.02+123452.7 M87             12 30 35.02 +12 34 52.70    0.0 -10.80  57.3 33.50  2
J123036.52+122152.8 M87             12 30 36.52 +12 21 52.83    0.0 -10.77  16.9 16.29  2
J123039.16+122132.5 M87             12 30 39.16 +12 21 32.45 1086.0 -10.58  15.2 13.52  2
J123041.81+122341.2 M87             12 30 41.81 +12 23 41.25 1211.0 -10.11   9.0 14.39  2
J123043.25+122212.4 M87             12 30 43.25 +12 22 12.39    0.0 -10.10   9.4 17.30  2
J123045.34+122033.5 M87             12 30 45.34 +12 20 33.47 2023.0 -10.62  14.8 23.93  2
J123046.50+122017.7 M87             12 30 46.50 +12 20 17.74 1004.0 -10.51  15.6 15.52  2
J123047.40+123301.7 M87             12 30 47.40 +12 33 01.70 1348.0 -11.89  46.0 17.54  2
J123047.66+120825.2 M87             12 30 47.66 +12 08 25.23 1265.0 -11.57  72.2 23.60  2
J123047.70+122430.5 M87             12 30 47.70 +12 24 30.48 1307.0 -11.52   5.4 26.12  2
J123048.19+123510.7 M87             12 30 48.20 +12 35 10.92  872.5 -12.19  56.2 10.96  2
J123049.28+123718.2 M87             12 30 49.28 +12 37 18.17 1610.5 -11.37  66.4 12.56  2
J123049.49+121426.9 M87             12 30 49.49 +12 14 26.93    0.0 -10.76  43.3 17.14  2
J123051.07+122611.9 M87             12 30 51.07 +12 26 11.92 1136.5 -11.70  13.2 13.49  2
J123051.65+121409.9 M87             12 30 51.65 +12 14 09.89 1299.0 -10.26  44.7 13.65  2
J123051.75+122053.3 M87             12 30 51.75 +12 20 53.30 1163.0 -10.50  12.7 11.69  2
J123053.88+121712.4 M87             12 30 53.88 +12 17 12.44 1020.0 -10.23  30.5 20.89  2
J123054.66+122022.6 M87             12 30 54.66 +12 20 22.58 1333.0  -9.97  16.1 20.42  2
J123101.47+121924.5 M87             12 31 01.47 +12 19 24.54 1858.0 -11.74  24.1 15.03  2
J123102.14+122749.7 M87             12 31 02.14 +12 27 49.69 1215.0 -10.63  25.7 23.39  2
J123102.59+123414.1 M87             12 31 02.59 +12 34 14.12 1189.5 -11.49  53.9 17.82  2
J123103.69+123213.0 M87             12 31 03.69 +12 32 13.04  702.0 -11.28  45.2 12.45  2
J123104.35+131042.5 M87             12 31 04.35 +13 10 42.55 1332.5 -11.13 227.4 10.89  2
J123104.43+122321.2 M87             12 31 04.43 +12 23 21.24 1157.0 -10.61  17.6 33.73  2
J123104.80+131436.6 M87             12 31 04.79 +13 14 36.61    0.0 -10.67 246.1 14.39  2
J123110.14+121627.9 M87             12 31 10.15 +12 16 27.94 1818.0 -10.11  41.5 20.18  2
J123111.31+123001.0 M87             12 31 11.30 +12 30 01.06    0.0 -10.60  40.6 12.13  2
J123116.32+121845.4 M87             12 31 16.32 +12 18 45.39 1817.5 -10.37  38.8 26.30  2
J123120.00+121158.1 M87             12 31 20.00 +12 11 58.10 1292.7 -10.85  65.8 11.38  2
J123124.75+122525.8 M87             12 31 24.75 +12 25 25.81 1783.0 -11.51  42.5 13.09  2
J123125.25+121931.8 M87             12 31 25.25 +12 19 31.77    0.0 -11.06  46.0 33.04  2
J123128.36+122503.6 M87             12 31 28.36 +12 25 03.60 2109.0 -12.01  46.3 13.43  2
J123131.70+124130.4 M87             12 31 31.70 +12 41 30.38 1114.0 -11.82  99.7 37.58  2
J123135.13+123459.4 M87             12 31 35.13 +12 34 59.37  948.0 -11.27  77.0 11.64  2
J123137.44+121740.7 M87             12 31 37.44 +12 17 40.73  -50.0 -10.69  62.8 11.38  2
J123138.53+115923.9 M87             12 31 38.53 +11 59 23.87    0.0 -10.55 129.1 19.50  2
J123145.95+122721.1 M87             12 31 45.95 +12 27 21.09 1320.0  -9.94  68.8 12.11  2
J123157.60+124929.6 M87             12 31 57.60 +12 49 29.57 1088.0 -10.99 148.2 18.92  2
J123157.99+131534.1 M87             12 31 57.99 +13 15 34.13 1271.0 -11.63 262.6 40.27  2
J123204.35+122030.3 M87             12 32 04.35 +12 20 30.35 1646.3 -11.68  89.0 12.30  2
J123214.45+120159.0 M87             12 32 14.45 +12 01 59.06 1825.0 -10.69 143.4 16.22  2
J123214.58+120305.3 M87             12 32 14.58 +12 03 05.36 1261.3 -11.91 139.8 17.42  2
J123221.10+121613.4 M87             12 32 21.10 +12 16 13.44    0.0 -10.52 113.0 29.38  2
J123223.49+115755.0 M87             12 32 23.49 +11 57 54.97 1005.0 -11.15 165.0 11.53  2
J123225.37+121956.8 M87             12 32 25.36 +12 19 56.83    0.0 -10.78 113.7 11.48  2
J123244.97+120411.6 M87             12 32 44.97 +12 04 11.65    0.0  -9.76 164.1 11.17  2
J123256.67+115104.7 M87             12 32 56.67 +11 51 04.67    0.0 -11.09 215.5 16.87  2
J123329.47+121017.4 M87             12 33 29.47 +12 10 17.46 1317.0 -10.73 198.0 11.97  2
J123346.31+115702.3 M87             12 33 46.31 +11 57 02.30 1351.0 -10.39 243.2 11.25  2
J123359.60+114730.9 M87             12 33 59.60 +11 47 30.91    0.0  -9.92 282.1 12.50  2
J122708.94+074228.3 M49             12 27 08.94 +07 42 28.31    0.0 -11.87 205.7 44.87  2
J122744.26+072542.5 M49             12 27 44.26 +07 25 42.47 1107.0 -10.64 219.9 13.74  2
J122803.46+065343.1 M49             12 28 03.46 +06 53 43.11    0.0  -9.84 341.2 24.89  2
J122806.14+065909.0 M49             12 28 06.14 +06 59 08.97    0.0 -11.16 315.8 18.03  2
J122828.60+070228.2 M49             12 28 28.60 +07 02 28.16    0.0 -10.55 291.5 24.15  2
J122849.25+075919.4 M49             12 28 49.25 +07 59 19.38    0.0 -10.01  68.4 11.22  2
J122922.85+074901.2 M49             12 29 22.85 +07 49 01.18 1675.0 -10.49  60.0 15.07  2
J122925.10+075407.0 M49             12 29 25.10 +07 54 07.01 1107.0 -11.07  38.3 16.41  2
J122926.23+081658.8 M49             12 29 26.23 +08 16 58.80  465.0  -9.86  84.9 10.40  2
J122928.21+075355.4 M49             12 29 28.21 +07 53 55.38  637.0 -11.51  36.7 17.78  2
J122928.62+075824.6 M49             12 29 28.62 +07 58 24.60 1114.0 -10.40  22.9 13.18  2
J122948.37+080042.0 M49             12 29 48.37 +08 00 41.99  907.0 -10.58   3.7 14.86  2
J122957.08+074820.0 M49             12 29 57.08 +07 48 20.01  843.0 -11.57  57.5 17.06  2
J122958.06+080409.2 M49             12 29 58.06 +08 04 09.19  606.0 -11.60  23.9 17.70  2
J123002.49+075846.7 M49             12 30 02.49 +07 58 46.71 1820.0 -10.31  19.6 17.78  2
J123004.35+073932.2 M49             12 30 04.35 +07 39 32.20 1043.0  -9.77 100.6  9.55  2
J123006.03+074901.2 M49             12 30 06.03 +07 49 01.16  549.0 -10.04  57.6 13.21  2
J123006.89+080509.5 M49             12 30 06.89 +08 05 09.50 1001.0 -10.84  34.3 13.43  2
J123008.39+082507.4 M49             12 30 08.39 +08 25 07.38    0.0 -12.31 123.1 17.34  2
J123009.17+074127.5 M49             12 30 09.17 +07 41 27.47    0.0 -11.86  93.0 11.35  2
J123015.56+083445.0 M49             12 30 15.56 +08 34 45.02 -129.0 -10.47 170.1 11.12  2
J123016.65+080454.4 M49             12 30 16.65 +08 04 54.44  778.0 -10.44  42.5 17.42  2
J123018.06+075024.9 M49             12 30 18.06 +07 50 24.89 1070.0 -11.88  59.3 31.55  2
J123029.94+074755.5 M49             12 30 29.94 +07 47 55.46 1395.0 -10.95  77.5 11.12  2
J123109.91+080405.3 M49             12 31 09.91 +08 04 05.29  426.0 -11.47 100.7 14.76  2
J123113.76+074811.9 M49             12 31 13.76 +07 48 11.89 1087.0 -10.00 118.0 17.58  2
J123359.09+074244.6 M49             12 33 59.09 +07 42 44.65  854.0 -11.01 311.2 12.68  2
J123402.20+064950.3 M49             12 34 02.20 +06 49 50.35    0.0 -10.06 453.7 30.27  2
J123909.32+112147.9 M60             12 39 09.32 +11 21 47.94    0.0 -10.25 322.9 12.50  2
J123949.21+110135.3 M60             12 39 49.21 +11 01 35.31    0.0 -10.22 311.0 11.64  2
J124002.08+105517.2 M60             12 40 02.08 +10 55 17.19    0.0  -9.87 314.3 13.84  2
J124049.54+121138.1 M60             12 40 49.54 +12 11 38.06    0.0 -10.01 272.3 13.68  2
J124115.49+103811.9 M60             12 41 15.49 +10 38 11.93    0.0  -9.98 313.9 13.84  2
J124205.30+103959.1 M60             12 42 05.30 +10 39 59.07    0.0  -9.82 278.5 20.32  2
J124206.89+115144.7 M60             12 42 06.89 +11 51 44.71    0.0 -10.36 141.1 11.19  2
J124209.61+113654.7 M60             12 42 09.61 +11 36 54.68    0.0 -10.37 107.7 12.33  2
J124216.65+114428.6 M60             12 42 16.65 +11 44 28.57    0.0 -10.04 112.0 11.02  2
J124229.83+112029.7 M60             12 42 29.83 +11 20 29.71 1493.0 -11.37 102.5 15.03  2
J124232.60+115702.6 M60             12 42 32.60 +11 57 02.58    0.0 -10.13 139.3 12.82  2
J124235.74+114254.2 M60             12 42 35.74 +11 42 54.16    0.0  -9.92  88.8 10.94  2
J124244.72+111240.5 M60             12 42 44.72 +11 12 40.46    0.0 -10.77 117.9 34.91  2
J124248.01+115513.8 M60             12 42 48.01 +11 55 13.76 1241.0 -11.49 122.2 13.27  2
J124312.47+111230.2 M60             12 43 12.47 +11 12 30.22    0.0 -10.02 104.3 18.20  2
J124315.49+113922.8 M60             12 43 15.49 +11 39 22.85    0.0 -10.58  41.5 11.53  2
J124324.30+112343.2 M60             12 43 24.30 +11 23 43.25    0.0 -10.51  48.9 24.89  2
J124352.42+112534.2 M60             12 43 52.42 +11 25 34.20    0.0 -12.58  39.3 14.29  2
J124352.48+112518.3 M60             12 43 52.48 +11 25 18.30    0.0 -11.00  40.5 17.62  2
J124437.85+103801.1 M60             12 44 37.85 +10 38 01.13    0.0 -11.31 273.3 19.10  2
J124524.02+110535.2 M60             12 45 24.02 +11 05 35.16    0.0 -11.95 180.3 11.07  2
J124531.21+112357.2 M60             12 45 31.21 +11 23 57.20    0.0 -10.97 138.1 11.14  2
J124539.33+104808.1 M60             12 45 39.33 +10 48 08.10    0.0 -11.37 257.8 13.80  2
NGC 3923 UCD1       NGC 3923        11 51 04.10 -28 48 19.80 2096.9 -12.43   3.1 12.30  4
NGC 3923 UCD2       NGC 3923        11 50 55.90 -28 48 18.40 1500.5 -11.93   8.0 13.00  4
NGC 3923 UCD3c      NGC 3923        11 51 05.20 -28 48 58.90    0.0 -11.29   6.0 14.09  4
NGC 4546 UCD1       NGC 4546        12 35 28.70 -03 47 21.10 1255.9 -12.94   1.2 25.53  4
Sombrero UCD1       Sombrero        12 40 03.10 -11 40 04.30 1293.1 -12.31   7.4 14.69  4
W3 in NGC 7252      NGC 7252                                 4822.5 -16.20   0.0 17.50  5
GC-2                M81             09 52 20.17 +69 39 16.31    0.0   0.00   0.0  0.00  6
Dorado3             NGC 1553/1549   04 13 16.91 -55 46 36.00 1142.0 -10.72   0.0  0.00  7
Dorado1             NGC 1553/1549   04 16 24.55 -56 37 19.70  585.0 -11.22   0.0  0.00  7
Dorado2             NGC 1553/1549   04 16 50.79 -55 53 03.00  638.0 -11.02   0.0  0.00  7
NGC 1400_1          NGC 1400/1407   03 42 32.46 -18 23 00.10  477.0 -11.56   0.0  0.00  7
NGC1400_2           NGC 1400/1407   03 41 54.81 -18 08 37.80  652.0 -11.96   0.0  0.00  7
J1250.02-4121.45    NGC 4709        12 50 01.23 -41 21 26.83 4835.0 -12.22  20.5  0.00  8
J1248.54-4119.64    NGC 4696        12 48 32.64 -41 19 38.20 3854.0 -12.20  43.1  0.00  8
J1248.79-4117.15    NGC 4696        12 48 47.61 -41 17 09.12 2882.0 -12.18  20.2  6.12  8
J1248.06-4111.40    NGC 4696        12 48 03.76 -41 11 24.30 2768.0 -12.13 147.6  0.00  8
J1248.54-4121.90    NGC 4696        12 48 32.48 -41 21 54.07 3279.0 -12.06  59.6  0.00  8
J1248.70-4121.11    NGC 4696        12 48 41.75 -41 21 06.76 2521.0 -11.71  37.4  0.00  8
J1250.11-4114.59    NGC 4709        12 50 06.57 -41 14 35.28 4430.0 -11.71 110.0  0.00  8
J1249.71-4120.63    NGC 4709        12 49 42.63 -41 20 38.04 5184.0 -11.69  60.5  0.00  8
J1248.79-4116.00    NGC 4696        12 48 47.69 -41 16 00.11 3140.0 -11.53  35.1  0.00  8
J1248.74-4118.58    NGC 4696        12 48 44.70 -41 18 35.03 2189.0 -11.52  11.3 29.49  8
J1248.76-4118.70    NGC 4696        12 48 45.56 -41 18 42.21 2828.0 -11.51   9.2  4.36  8
J1248.74-4119.74    NGC 4696        12 48 44.33 -41 19 44.37 3138.0 -11.49  18.8  7.02  8
J1250.03-4122.68    NGC 4709        12 50 01.77 -41 22 40.60 4538.0 -11.44   6.1  6.18  8
J1248.63-4115.71    NGC 4696        12 48 37.77 -41 15 42.37 2524.0 -11.41  48.1  0.00  8
J1249.07-4120.77    NGC 4696        12 49 03.99 -41 20 45.96 2453.0 -11.40  45.9  0.00  8
J1249.36-4121.57    NGC 4696        12 49 21.64 -41 21 34.16 2790.0 -11.19  88.9  0.00  8
J1249.99-4124.45    NGC 4709        12 49 59.21 -41 24 27.18 5000.0 -11.18  23.3  8.94  8
J1248.97-4120.01    NGC 4696        12 48 58.25 -41 20 00.52 2962.0 -11.16  28.6  0.00  8
J1248.65-4120.34    NGC 4696        12 48 39.28 -41 20 20.58 3303.0 -11.15  33.2  0.00  8
J1248.74-4118.95    NGC 4696        12 48 44.11 -41 18 56.87 3213.0 -11.11  13.3  7.77  8
J1248.70-4118.23    NGC 4696        12 48 41.99 -41 18 13.77 2822.0 -11.10  18.8 10.17  8
J1250.07-4121.16    NGC 4709        12 50 04.49 -41 21 09.37 4952.0 -11.10  23.3  0.00  8
J1248.72-4121.23    NGC 4696        12 48 43.02 -41 21 13.54 2582.0 -11.05  37.3  0.00  8
J1249.41-4118.64    NGC 4696        12 49 24.85 -41 18 38.15 2206.0 -11.05  88.1  0.00  8
J1248.91-4117.70    NGC 4696        12 48 54.64 -41 17 42.05 2909.0 -10.99  18.3  0.00  8
J1248.99-4118.08    NGC 4696        12 48 59.65 -41 18 04.51 2806.0 -10.97  26.8  0.00  8
J1248.62-4120.63    NGC 4696        12 48 37.13 -41 20 37.79 3741.0 -10.94  39.7  0.00  8
J192.129-41.401     NGC 4696        12 48 30.88 -41 24 04.96 2650.0 -12.13  84.8  0.00  9
J192.200-41.334     NGC 4696        12 48 48.01 -41 20 01.52 2061.0 -12.06  18.4  0.00  9
J191.958-41.258     NGC 4696        12 47 49.93 -41 15 28.04 3185.0 -11.94 152.7  0.00  9
Hydra-UCD1          NGC 3311        10 36 42.50 -27 32 52.90 3352.0 -13.34  16.3  0.00 10
Hydra-UCD2          NGC 3311        10 36 19.40 -27 26 05.90 3547.0 -12.72 111.1  0.00 10
Hydra-UCD3          NGC 3311        10 36 41.90 -27 19 44.80 3354.0 -12.52 164.2  0.00 10
Hydra-UCD4          NGC 3311        10 36 34.80 -27 34 45.80 3563.0 -12.51  50.3  0.00 10
Hydra-UCD5          NGC 3311        10 36 34.40 -27 30 15.30 3804.0 -12.31  35.0  0.00 10
Hydra-UCD6          NGC 3311        10 36 43.90 -27 37 57.30 3980.0 -12.30  86.0  0.00 10
Hydra-UCD7          NGC 3311        10 36 42.10 -27 24 03.50 3986.0 -12.22 104.9  0.00 10
Hydra-UCD8          NGC 3311        10 36 43.80 -27 32 22.20 3301.0 -12.15   9.8  0.00 10
Hydra-UCD9          NGC 3311        10 35 36.70 -27 17 40.20 3137.0 -12.13 297.6  0.00 10
Hydra-UCD10         NGC 3311        10 36 31.80 -27 29 13.80 4976.0 -12.07  50.8  0.00 10
Hydra-UCD11         NGC 3311        10 36 32.40 -27 29 22.10 3784.0 -12.07  47.9  0.00 10
Hydra-UCD12         NGC 3311        10 36 45.50 -27 29 52.20 3608.0 -12.04  26.8  0.00 10
Hydra-UCD13         NGC 3311        10 36 01.90 -27 23 01.30 4254.0 -11.95 184.3  0.00 10
Hydra-UCD14         NGC 3311        10 36 31.40 -27 30 25.70 4472.0 -11.93  42.8  0.00 10
Hydra-UCD15         NGC 3311        10 36 49.30 -27 36 01.90 3655.0 -11.93  63.6  0.00 10
Hydra-UCD16         NGC 3311        10 36 41.10 -27 31 18.00 3653.0 -11.76   8.1  0.00 10
Hydra-UCD17         NGC 3311        10 36 06.00 -27 36 33.30 5082.0 -11.71 142.8  0.00 10
Hydra-UCD18         NGC 3311        10 36 43.50 -27 31 49.40 3165.0 -11.70   3.0  0.00 10
Hydra-UCD19         NGC 3311        10 36 32.00 -27 30 12.70 2412.0 -11.70  42.3  0.00 10
Hydra-UCD20         NGC 3311        10 36 14.00 -27 27 56.40 3124.0 -11.66 111.6  0.00 10
Hydra-UCD21         NGC 3311        10 36 47.40 -27 31 06.60 3716.0 -11.66  17.6  0.00 10
Hydra-UCD22         NGC 3311        10 36 58.00 -27 35 58.90 3127.0 -11.64  78.6  0.00 10
Hydra-UCD23         NGC 3311        10 37 43.10 -27 36 00.90 3760.0 -11.63 215.2  0.00 10
Hydra-UCD24         NGC 3311        10 36 56.80 -27 33 30.70 2861.0 -11.62  54.0  0.00 10
Hydra-UCD25         NGC 3311        10 36 44.80 -27 34 15.60 3354.0 -11.61  35.8  0.00 10
Hydra-UCD26         NGC 3311        10 36 35.00 -27 32 59.90 3742.0 -11.55  32.3  0.00 10
Hydra-UCD27         NGC 3311        10 36 35.00 -27 29 44.40 3624.0 -11.49  38.0  0.00 10
Hydra-UCD28         NGC 3311        10 36 52.90 -27 24 33.10 2664.0 -11.49 104.1  0.00 10
Hydra-UCD29         NGC 3311        10 36 48.20 -27 22 18.50 3301.0 -11.48 130.3  0.00 10
Hydra-UCD30         NGC 3311        10 36 50.00 -27 31 54.90 3901.0 -11.46  24.8  0.00 10
Hydra-UCD31         NGC 3311        10 36 05.60 -27 27 04.00 3725.0 -11.45 142.7  0.00 10
Hydra-UCD32         NGC 3311        10 36 57.30 -27 26 01.10 3294.0 -11.38  92.6  0.00 10
Hydra-UCD33         NGC 3311        10 36 43.40 -27 25 20.90 4217.0 -11.36  87.2  0.00 10
Hydra-UCD34         NGC 3311        10 36 48.50 -27 34 43.40 4125.0 -11.33  45.9  0.00 10
Hydra-UCD35         NGC 3311        10 36 31.70 -27 30 32.00 3818.0 -11.33  41.3  0.00 10
Hydra-UCD36         NGC 3311        10 37 01.20 -27 27 19.50 5810.0 -11.31  87.2  0.00 10
Hydra-UCD37         NGC 3311        10 36 35.60 -27 35 11.00 4078.0 -11.29  53.8  0.00 10
Hydra-UCD38         NGC 3311        10 36 07.20 -27 32 51.40 3821.0 -11.29 123.2  0.00 10
Hydra-UCD39         NGC 3311        10 36 45.10 -27 31 51.10 4342.0 -11.25   8.0  0.00 10
Hydra-UCD40         NGC 3311        10 36 39.40 -27 30 53.60 3395.0 -11.23  16.1  0.00 10
Hydra-UCD41         NGC 3311        10 36 37.80 -27 34 44.20 4745.0 -11.22  45.2  0.00 10
Hydra-UCD42         NGC 3311        10 36 36.30 -27 32 16.30 3867.0 -11.21  23.9  0.00 10
Hydra-UCD43         NGC 3311        10 36 48.40 -27 35 03.10 4802.0 -11.19  49.8  0.00 10
Hydra-UCD44         NGC 3311        10 36 48.10 -27 32 23.30 3248.0 -11.14  20.6  0.00 10
Hydra-UCD45         NGC 3311        10 36 50.20 -27 36 10.30 4218.0 -11.13  66.3  0.00 10
Hydra-UCD46         NGC 3311        10 36 33.20 -27 30 54.80 3927.0 -11.11  34.7  0.00 10
Hydra-UCD47         NGC 3311        10 36 50.70 -27 32 01.00 3584.0 -11.09  27.3  0.00 10
Hydra-UCD48         NGC 3311        10 36 40.60 -27 26 27.30 3850.0 -11.08  72.4  0.00 10
Hydra-UCD49         NGC 3311        10 36 46.30 -27 34 18.60 4477.0 -11.03  37.8  0.00 10
Hydra-UCD50         NGC 3311        10 36 28.10 -27 31 06.70 3794.0 -11.03  51.4  0.00 10
Hydra-UCD51         NGC 3311        10 35 45.70 -27 33 38.40 4079.0 -11.02 197.9  0.00 10
Hydra-UCD52         NGC 3311        10 35 52.90 -27 35 32.30 3596.0 -11.00 179.5  0.00 10
Hydra-UCD53         NGC 3311        10 36 39.50 -27 29 48.30 3653.0 -10.99  28.4  0.00 10
Hydra-UCD54         NGC 3311        10 36 44.50 -27 30 44.70 2914.0 -10.94  14.3  0.00 10
Hydra-UCD55         NGC 3311        10 36 45.30 -27 29 26.50 3229.0 -10.90  32.1  0.00 10
Hydra-UCD56         NGC 3311        10 36 40.90 -27 25 09.00 3439.0 -10.88  90.2  0.00 10
Hydra-UCD57         NGC 3311        10 36 30.10 -27 34 26.30 3201.0 -10.81  57.7  0.00 10
Hydra-UCD58         NGC 3311        10 36 46.40 -27 29 32.10 3734.0 -10.80  32.1  0.00 10
Hydra-UCD59         NGC 3311        10 36 38.30 -27 32 21.40 3358.0 -10.79  17.8  0.00 10
Hydra-UCD60         NGC 3311        10 36 50.00 -27 38 27.50 3532.0 -10.76  96.0  0.00 10
Hydra-UCD61         NGC 3311        10 36 50.00 -27 32 35.00 3119.0 -10.74  27.5  0.00 10
Hydra-UCD62         NGC 3311        10 36 43.80 -27 33 13.00 4674.0 -10.73  21.2  0.00 10
Hydra-UCD63         NGC 3311        10 36 43.80 -27 27 12.30 4185.0 -10.72  61.8  0.00 10
Hydra-UCD64         NGC 3311        10 36 38.00 -27 30 16.60 4053.0 -10.71  25.5  0.00 10
Hydra-UCD65         NGC 3311        10 36 53.10 -27 35 43.60 1259.0 -10.70  65.5  0.00 10
Hydra-UCD66         NGC 3311        10 36 39.10 -27 31 20.10 3950.0 -10.66  13.9  0.00 10
Hydra-UCD67         NGC 3311        10 36 45.30 -27 33 43.90 3001.0 -10.57  29.1  0.00 10
Hydra-UCD68         NGC 3311        10 36 39.50 -27 31 28.10 4502.0 -10.56  11.7  0.00 10
Hydra-UCD69         NGC 3311        10 36 41.20 -27 32 46.70 3780.0 -10.55  15.8  0.00 10
Hydra-UCD70         NGC 3311        10 36 44.90 -27 33 36.40 4234.0 -10.53  27.2  0.00 10
Hydra-UCD71         NGC 3311        10 37 01.50 -27 24 07.40 2874.0 -10.51 122.4  0.00 10
Hydra-UCD72         NGC 3311        10 36 47.00 -27 35 18.10 2708.0 -10.51  51.5  0.00 10
Hydra-UCD73         NGC 3311        10 36 38.80 -27 30 55.00 3134.0 -10.51  17.6  0.00 10
Hydra-UCD74         NGC 3311        10 36 26.80 -27 32 23.50 1570.0 -10.47  55.8  0.00 10
Hydra-UCD75         NGC 3311        10 36 34.20 -27 21 32.30 2755.0 -10.46 142.7  0.00 10
Hydra-UCD76         NGC 3311        10 36 45.80 -27 33 43.90 3612.0 -10.45  29.7  0.00 10
Hydra-UCD77         NGC 3311        10 36 43.20 -27 28 27.60 3154.0 -10.45  44.5  0.00 10
Hydra-UCD78         NGC 3311        10 35 53.00 -27 23 06.70 3830.0 -10.41 207.9  0.00 10
Hydra-UCD79         NGC 3311        10 36 30.60 -27 21 37.10 3912.0 -10.41 144.7  0.00 10
Hydra-UCD80         NGC 3311        10 36 43.00 -27 34 09.30 4706.0 -10.37  33.8  0.00 10
Hydra-UCD81         NGC 3311        10 37 03.70 -27 26 42.00 3659.0 -10.37  99.3  0.00 10
Hydra-UCD82         NGC 3311        10 36 42.90 -27 27 59.10 2202.0 -10.36  51.1  0.00 10
Hydra-UCD83         NGC 3311        10 36 49.90 -27 33 02.00 3474.0 -10.33  30.5  0.00 10
Hydra-UCD84         NGC 3311        10 36 40.50 -27 35 12.20 3247.0 -10.31  48.8  0.00 10
Hydra-UCD85         NGC 3311        10 36 50.70 -27 33 13.20 4745.0 -10.29  34.0  0.00 10
Hydra-UCD86         NGC 3311        10 36 31.50 -27 33 21.00 3946.0 -10.28  44.9  0.00 10
Hydra-UCD87         NGC 3311        10 36 50.90 -27 35 28.40 3301.0 -10.27  58.8  0.00 10
Hydra-UCD88         NGC 3311        10 36 46.00 -27 35 10.00 3040.0 -10.27  48.9  0.00 10
Hydra-UCD89         NGC 3311        10 36 37.70 -27 29 55.20 4927.0 -10.27  30.1  0.00 10
Hydra-UCD90         NGC 3311        10 36 32.30 -27 31 34.70 4068.0 -10.26  36.1  0.00 10
Hydra-UCD91         NGC 3311        10 36 42.10 -27 30 28.10 3546.0 -10.23  17.2  0.00 10
Hydra-UCD92         NGC 3311        10 36 40.90 -27 30 42.70 4901.0 -10.21  15.1  0.00 10
Hydra-UCD93         NGC 3311        10 36 41.90 -27 36 40.40 4137.0 -10.20  68.4  0.00 10
Hydra-UCD94         NGC 3311        10 36 30.00 -27 31 01.90 4060.0 -10.18  44.8  0.00 10
Hydra-UCD95         NGC 3311        10 36 39.00 -27 30 22.10 3748.0 -10.16  22.5  0.00 10
Hydra-UCD96         NGC 3311        10 36 45.50 -27 23 49.70 3571.0 -10.15 108.5  0.00 10
Hydra-UCD97         NGC 3311        10 36 46.40 -27 31 35.80 3874.0 -10.09  12.2  0.00 10
Hydra-UCD98         NGC 3311        10 36 58.20 -27 25 30.20 5091.0 -10.09 100.1  0.00 10
Hydra-UCD99         NGC 3311        10 36 48.30 -27 31 59.10 5347.0 -10.09  19.4  0.00 10
Hydra-UCD100        NGC 3311        10 36 50.90 -27 33 38.40 4071.0 -10.08  38.4  0.00 10
Hydra-UCD101        NGC 3311        10 36 37.70 -27 32 05.80 3291.0 -10.08  18.4  0.00 10
Hydra-UCD102        NGC 3311        10 36 50.30 -27 29 06.70 3257.0 -10.07  43.8  0.00 10
Hydra-UCD103        NGC 3311        10 36 32.40 -27 34 53.60 4494.0 -10.06  56.6  0.00 10
Hydra-UCD104        NGC 3311        10 36 32.60 -27 26 30.00 4194.0 -10.04  79.5  0.00 10
Hydra-UCD105        NGC 3311        10 36 57.10 -27 36 38.40 2767.0 -10.03  83.6  0.00 10
Hydra-UCD106        NGC 3311        10 36 41.90 -27 34 52.60 4946.0 -10.03  43.8  0.00 10
Hydra-UCD107        NGC 3311        10 36 40.30 -27 34 43.30 3261.0  -9.96  42.4  0.00 10
Hydra-UCD108        NGC 3311        10 36 51.50 -27 35 14.60 4443.0  -9.95  57.1  0.00 10
Hydra-UCD109        NGC 3311        10 36 29.10 -27 31 34.80 3693.0  -9.93  47.1  0.00 10
Hydra-UCD110        NGC 3311        10 36 44.70 -27 32 55.50 4024.0  -9.90  18.0  0.00 10
Hydra-UCD111        NGC 3311        10 36 40.90 -27 34 15.90 2962.0  -9.85  35.8  0.00 10
Hydra-UCD112        NGC 3311        10 36 41.20 -27 32 49.40 3948.0  -9.84  16.5  0.00 10
Hydra-UCD113        NGC 3311        10 36 46.00 -27 34 22.20 4179.0  -9.82  38.2  0.00 10
Hydra-UCD114        NGC 3311        10 36 31.90 -27 30 37.10 2701.0  -9.80  40.5  0.00 10
Hydra-UCD115        NGC 3311        10 36 29.60 -27 31 12.80 4279.0  -9.78  45.9  0.00 10
Hydra-UCD116        NGC 3311        10 36 47.50 -27 32 58.90 3710.0  -9.75  23.9  0.00 10
Hydra-UCD117        NGC 3311        10 36 35.80 -27 29 56.60 2439.0  -9.74  34.0  0.00 10
Hydra-UCD118        NGC 3311        10 36 45.30 -27 33 19.80 3887.0  -9.67  24.0  0.00 10
G001                M31             00 32 46.51 +39 34 39.74    0.0 -10.66  34.8  0.00 11
B338                M31             00 40 58.83 +40 35 47.32    0.0 -10.22  10.3  0.00 11
B023                M31             00 41 01.26 +41 13 45.29    0.0 -10.25   4.4  0.00 11
B225                M31             00 44 29.78 +41 21 36.57    0.0 -10.32   4.7  0.00 11
B409                M31             00 50 39.18 +41 17 35.27    0.0 -11.94  20.4  0.00 11
M59-UCD3            M59             12 42 11.05 +11 38 41.30  373.0 -14.60   9.3 20.00 12
M85-HCC1            M85             12 25 22.84 +18 10 53.70  658.0 -12.55   3.5 70.79 12
M59cO               M59             12 41 55.33 +11 40 03.70  723.0 -12.34   9.0 32.00 13
