HH-22        615.2 5.93 13.07 1.82 12.44 M2FS ca 0.2498 Gaia        -10.18 0.108 1.25 0.44 0.36                      RV
T17-1253     548.3 5.94 11.95 1.49 11.66 M2FS ca 0.1549 Gaia         -8.66 0.106 2.77 0.89 0.73 1.12e5 0.9e5  0.6e5  New
HHH86-14     699.9 5.92 15.48 1.91 14.12 M2FS ca 0.3407 M08/ACS     -10.39 0.109 1.81 0.79 0.49                      RV
HHH86-30     780.2 5.91 21.97 4.69 20.97 M2FS ca 0.2352 Gaia        -11.02 0.106 1.54 0.82 0.61                      RV
K-034        460.6 5.91 14.00 2.19 13.15 M2FS ca 0.3001 Gaia        -10.53 0.102 1.21 0.47 0.39                      RV
PFF-gc028    539.6 5.92 10.20 1.48  9.90 M2FS ca 0.1768 Gaia         -9.40 0.101 1.15 0.41 0.34                      RV
HHH86-28     468.1 5.97 13.35 1.27 12.68 M2FS ca 0.2557 Gaia         -9.75 0.122 1.98 0.54 0.43                      RV
HGHH-G066    581.4 5.93 13.63 1.68 13.25 M2FS ca 0.1692 Gaia         -9.49 0.101 1.82 0.57 0.47                      RV
HGHH-43      497.6 5.92  8.31 1.20  7.86 M2FS ca 0.2584 M08/ACS      -9.57 0.103 0.91 0.32 0.27                      RV
KV19-273     574.4 5.93 14.26 1.65 13.37 M2FS ca 0.3118 Gaia         -9.59 0.100 3.12 0.96 0.79 1.96e5 2.33e5 0.96e5 C
HGHH-G342    529.5 5.92 13.08 1.68 12.49 M2FS ca 0.2321 Gaia        -10.07 0.100 1.30 0.42 0.35                      RV
K-029        638.8 5.94 21.26 1.13 20.52 M2FS ca 0.1950 Gaia        -10.89 0.100 1.38 0.25 0.22                      RV
HGHH-G219    521.7 5.91 14.83 1.33 14.25 M2FS ca 0.2101 Gaia         -9.42 0.099 2.79 0.69 0.58 1.78e5 1.50e5 0.78e5 RV
T17-1444     392.8 5.93 13.18 1.42 12.78 M2FS ca 0.1795 Gaia         -9.10 0.100 2.57 0.71 0.61 1.24e5 1.14e5 0.72e5 New
T17-1664     518.4 5.93 13.22 1.69 12.96 M2FS ca 0.1398 Gaia         -9.28 0.098 1.75 0.57 0.46                      RV
HH-10        503.0 5.92 20.14 1.88 18.19 M2FS ca 0.5185 Gaia        -10.98 0.098 2.66 0.71 0.61 3.22e5 6.65e5 1.68e5 RV
HHH86-33     526.6 5.93  8.70 1.35  8.28 M2FS ca 0.2457 Gaia         -9.68 0.103 0.87 0.34 0.27                      RV
PFF-gc056    280.3 5.92 11.49 1.22 11.06 M2FS ca 0.2086 Gaia         -9.52 0.099 1.53 0.42 0.35                      RV
KV19-288     494.3 5.93 15.14 1.50 14.02 M2FS ca 0.3685 Gaia        -10.02 0.099 2.72 0.74 0.63 1.90e5 2.81e5 0.66e5 A
T17-1511     525.4 5.92 19.63 2.52 18.78 M2FS ca 0.1924 M08/ACS     -10.06 0.099 2.45 0.81 0.69 2.38e5 3.35e5 1.74e5 RV
KV19-280     492.0 5.95 16.78 1.08 16.26 M2FS ca 0.1785 Gaia         -9.66 0.099 2.47 0.50 0.44 1.90e5 1.38e5 0.84e5 B
HGHH-19      621.7 5.92 11.24 1.26 10.41 M2FS ca 0.3159 M08/ACS     -10.06 0.098 1.24 0.37 0.31                      RV
WHH-22     * 633.9 5.94 12.10 1.92 11.58 M2FS ca 0.1850 M08/ACS      -9.83 0.098 1.11 0.44 0.35                      RV
KV19-295   * 805.2 5.95 13.24 1.12 12.98 M2FS ca 0.1366 Gaia         -9.34 0.098 1.61 0.38 0.32                      B
KV19-289     640.1 5.92 18.48 2.70 17.72 M2FS ca 0.2191 Gaia        -10.37 0.099 1.87 0.68 0.56                      B
HGHH-G359    526.1 6.04 16.15 1.02 15.77 M2FS ca 0.1537 Gaia         -9.26 0.099 2.90 0.57 0.51 2.20e5 1.02e5 0.78e5 RV
WHH-17       693.7 5.92 16.64 1.40 16.11 M2FS ca 0.1832 Gaia         -9.95 0.099 1.90 0.44 0.39                      RV
WHH-18       790.5 5.92 15.14 1.51 14.66 M2FS ca 0.1822 Gaia         -9.78 0.099 1.83 0.49 0.51                      RV
HHH86-26     366.2 5.94 12.13 1.34 11.47 M2FS ca 0.2708 Gaia        -10.12 0.087 1.22 0.34 0.30                      RV
HGHH-G204    737.7 5.92 16.09 1.07 15.26 M2FS ca 0.2574 Gaia         -9.85 0.098 2.62 0.54 0.48 1.90e5 1.92e5 0.78e5 RV
HGHH-35      595.7 5.92 15.53 1.32 14.93 M2FS ca 0.2114 Gaia        -10.30 0.098 1.36 0.34 0.27                      RV
HGHH-G251    624.5 5.92 10.71 1.39 10.44 M2FS ca 0.1577 Gaia         -9.23 0.098 1.33 0.44 0.35                      RV
pff_gc-100   516.6 5.96 12.44 1.69 11.91 M2FS ca 0.2233 Gaia         -9.86 0.099 1.38 0.48 0.38                      RV
H12_194      508.3 6.02 13.81 1.56 13.33 M2FS ca 0.1947 Gaia         -9.10 0.096 3.02 0.90 0.74 1.72e5 1.38e5 0.84e5 New
HHH86-34     648.5 5.92 14.95 2.28 14.23 M2FS ca 0.2457 Gaia         -9.85 0.097 2.19 0.83 0.68                      RV
H12_106      595.8 5.91 11.79 2.80 10.86 M2FS ca 0.3908 Gaia         -9.93 0.096 1.88 1.13 0.85                      A
HGHH-41      360.0 5.92 12.79 1.18 11.90 M2FS mg 0.3233 M08/STIS     -9.66 0.115 2.39 0.37 0.35 1.12e5 1.80e5 0.36e5 Sigma
HGHH-12      441.4 5.92 15.60 1.63 14.81 M2FS mg 0.2462 Gaia        -10.35 0.106 1.49 0.23 0.22                      Sigma
HHH86-29     729.2 5.92 16.19 1.64 14.90 M2FS mg 0.3628 M08/ACS     -10.25 0.112 2.46 0.39 0.36 1.60e5 3.71e5 0.36e5 Sigma
HGHH-44      508.3 5.94 12.48 1.45 11.93 M2FS mg 0.2642 M08/STIS     -9.52 0.099 2.23 0.35 0.34 1.12e5 1.14e5 0.54e5 Sigma
H12_95       902.3 5.93 15.62 1.20 14.92 M2FS mg 0.2318 Gaia        -10.05 0.090 1.88 0.29 0.27                      A
VHH81-01     640.0 5.92 17.56 1.86 14.81 M2FS mg 1.7821 This Work   -10.80 0.118 7.17 1.14 1.08 8.61e5 1.03e6 0.12e5 Sigma
VHH81-03     558.4 5.92 16.38 1.73 15.59 M2FS mg 0.2576 Gaia        -10.65 0.101 1.32 0.21 0.19                      Sigma
T17-1412     670.2 5.92 20.37 0.80 19.86 M2FS mg 0.1619 Gaia        -10.30 0.099 1.85 0.26 0.25                      Sigma
H12_141      427.1 5.91  9.64 1.53  9.07 M2FS mg 0.3021 Gaia         -9.70 0.093 1.25 0.22 0.20                      New
HHH86-38     405.1 5.93 12.56 2.34 12.19 M2FS mg 0.2172 Gaia         -9.72 0.087 1.60 0.31 0.27                      Sigma
aat329848    552.0 2.43 14.20 1.41 13.90 MIKE    0.2544 Gaia         -9.95 0.095 1.96 0.29 0.29                      RV
Fluffy       764.3 2.46  6.51 2.14  5.89 MIKE    1.6590 Crnojevi\'c  -9.67 0.093 2.99 0.85 0.71 7.60e4 2.10e5 3.00e4 RV
DW3          359.6 2.42  8.82 1.37  8.60 MIKE    0.2546 Gaia         -9.49 0.098 1.15 0.20 0.18                      New
ESO269-06    744.0 2.42 11.37 0.91 10.87 MIKE    0.3337 This Work    -9.88 0.081 1.69 0.25 0.24                      RV
pff_gc-098   609.9 2.42 14.93 1.12 14.62 MIKE    0.2028 Gaia         -9.92 0.093 1.79 0.26 0.26                      RV
KV19-212     571.5 2.42 19.38 1.13 18.84 MIKE    0.2725 Gaia        -10.33 0.111 2.73 0.39 0.39 3.46e5 2.81e5 0.90e5 A
KK197-NSC    639.7 2.42 12.91 1.33 12.55 MIKE    0.2111 G09/ACS      -9.80 0.133 1.53 0.23 0.22                      RV
vhh81-5      563.2 2.42 13.13 1.75 12.44 MIKE    0.7707 This Work   -10.63 0.101 2.55 0.43 0.40 1.96e5 4.13e5 0.54e5 Sigma
KV19-442     476.5 2.42 12.63 2.53 11.95 MIKE    0.4750 Gaia        -10.55 0.086 1.57 0.31 0.28                      A
H12_78       657.3 2.42 20.59 0.85 20.18 MIKE    0.2270 Gaia        -10.25 0.088 2.82 0.39 0.39 4.59e5 2.40e5 1.25e5 A
KV19-271     548.3 2.42 21.89 1.57 21.41 MIKE    0.2214 Gaia        -10.41 0.103 2.65 0.39 0.38 4.47e5 2.76e5 1.37e5 A
